-51.000000 1
-49.000000 1
-47.000000 3
-46.000000 3
-45.000000 3
-44.000000 3
-43.000000 3
-42.000000 1
-41.000000 3
-40.000000 3
-39.000000 3
-38.000000 3
-37.000000 1
-39.000000 1
-41.000000 1
-42.000000 2
-43.000000 1
-49.000000 3
-48.000000 3
-47.000000 1
-53.000000 1
-54.000000 2
-55.000000 2
-63.000000 3
-62.000000 3
-61.000000 1
-62.000000 2
-63.000000 2
-65.000000 1
-66.000000 2
-67.000000 1
-68.000000 2
-69.000000 1
-70.000000 2
-71.000000 2
-72.000000 2
-73.000000 2
-74.000000 2
-75.000000 2
-97.000000 3
-96.000000 3
-95.000000 1
-101.000000 3
-100.000000 3
-99.000000 1
-123.000000 1
-122.000000 3
-121.000000 3
-120.000000 3
-119.000000 3
-118.000000 3
-117.000000 1
-118.000000 2
-119.000000 2
-120.000000 2
-121.000000 2
-123.000000 1
-173.000000 3
-172.000000 3
-171.000000 3
-170.000000 3
-169.000000 3
-168.000000 3
-167.000000 1
-165.000000 1
-166.000000 2
-167.000000 2
-165.000000 3
-164.000000 3
-163.000000 3
-162.000000 3
-161.000000 1
-162.000000 2
-163.000000 1
-165.000000 1
-191.000000 3
-190.000000 3
-189.000000 3
-188.000000 3
-187.000000 3
-186.000000 3
-185.000000 1
-50.000000 1
-48.000000 1
-41.000000 1
-40.000000 0
-36.000000 1
-38.000000 1
-40.000000 1
-42.000000 1
-46.000000 1
-52.000000 1
-60.000000 1
-64.000000 1
-66.000000 1
-68.000000 1
-72.000000 0
-74.000000 0
-76.000000 0
-94.000000 1
-102.000000 0
-98.000000 1
-122.000000 1
-116.000000 1
-120.000000 0
-122.000000 1
-172.000000 0
-170.000000 0
-166.000000 1
-164.000000 1
-160.000000 1
-162.000000 1
-164.000000 1
-184.000000 1
-49.000000 3
-48.000000 3
-47.000000 3
-46.000000 3
-45.000000 3
-44.000000 3
-43.000000 3
-42.000000 3
-41.000000 3
-40.000000 3
-39.000000 1
-41.000000 0
-35.000000 1
-36.000000 2
-37.000000 2
-39.000000 1
-40.000000 2
-41.000000 2
-42.000000 2
-43.000000 2
-44.000000 2
-45.000000 2
-51.000000 1
-53.000000 1
-61.000000 3
-60.000000 3
-59.000000 1
-65.000000 3
-64.000000 3
-63.000000 1
-64.000000 2
-65.000000 2
-66.000000 2
-67.000000 2
-73.000000 0
-74.000000 2
-75.000000 0
-77.000000 0
-95.000000 3
-94.000000 3
-93.000000 1
-103.000000 0
-97.000000 1
-121.000000 3
-120.000000 3
-119.000000 3
-118.000000 3
-117.000000 3
-116.000000 3
-115.000000 1
-121.000000 0
-119.000000 1
-120.000000 2
-121.000000 2
-175.000000 3
-174.000000 3
-173.000000 0
-171.000000 0
-165.000000 1
-163.000000 1
-161.000000 1
-160.000000 3
-159.000000 1
-157.000000 1
-159.000000 1
-160.000000 2
-161.000000 2
-162.000000 2
-163.000000 2
-165.000000 1
-166.000000 2
-167.000000 2
-168.000000 2
-169.000000 2
-183.000000 1
-48.000000 0
-46.000000 0
-38.000000 1
-34.000000 1
-38.000000 1
-46.000000 0
-50.000000 1
-52.000000 1
-58.000000 1
-62.000000 1
-78.000000 0
-92.000000 1
-97.000000 3
-96.000000 1
-114.000000 1
-118.000000 1
-122.000000 0
-176.000000 0
-164.000000 1
-162.000000 1
-160.000000 1
-158.000000 1
-156.000000 1
-158.000000 1
-164.000000 1
-168.000000 0
-182.000000 1
-11.000000 1
-49.000000 0
-47.000000 0
-41.000000 1
-39.000000 3
-38.000000 3
-37.000000 1
-35.000000 3
-34.000000 3
-33.000000 1
-34.000000 2
-35.000000 2
-36.000000 2
-37.000000 2
-51.000000 3
-50.000000 3
-49.000000 3
-48.000000 3
-47.000000 0
-48.000000 2
-49.000000 2
-50.000000 2
-51.000000 2
-55.000000 1
-56.000000 2
-57.000000 2
-58.000000 2
-59.000000 2
-60.000000 2
-61.000000 2
-62.000000 2
-63.000000 2
-64.000000 2
-65.000000 2
-79.000000 1
-81.000000 3
-80.000000 3
-79.000000 0
-93.000000 1
-91.000000 1
-92.000000 2
-93.000000 2
-95.000000 1
-119.000000 1
-117.000000 1
-115.000000 1
-113.000000 1
-115.000000 1
-116.000000 2
-117.000000 2
-123.000000 0
-177.000000 0
-167.000000 3
-166.000000 3
-165.000000 3
-164.000000 3
-163.000000 3
-162.000000 3
-161.000000 1
-159.000000 1
-157.000000 3
-156.000000 3
-155.000000 1
-156.000000 2
-157.000000 2
-158.000000 2
-159.000000 2
-160.000000 2
-161.000000 2
-162.000000 2
-163.000000 2
-169.000000 0
-183.000000 3
-182.000000 3
-181.000000 1
-10.000000 1
-40.000000 1
-36.000000 1
-32.000000 1
-53.000000 3
-52.000000 0
-48.000000 0
-50.000000 0
-52.000000 0
-53.000000 2
-54.000000 2
-58.000000 0
-62.000000 0
-64.000000 0
-78.000000 1
-80.000000 0
-92.000000 1
-90.000000 1
-94.000000 1
-118.000000 1
-116.000000 1
-114.000000 1
-112.000000 1
-114.000000 1
-168.000000 0
-166.000000 0
-160.000000 1
-158.000000 1
-154.000000 1
-158.000000 0
-180.000000 1
-9.000000 3
-8.000000 3
-7.000000 1
-41.000000 3
-40.000000 3
-39.000000 3
-38.000000 3
-37.000000 3
-36.000000 3
-35.000000 3
-34.000000 3
-33.000000 3
-32.000000 3
-31.000000 1
-32.000000 2
-33.000000 2
-34.000000 2
-35.000000 2
-53.000000 0
-52.000000 3
-51.000000 3
-50.000000 3
-49.000000 0
-50.000000 2
-51.000000 0
-52.000000 2
-53.000000 0
-55.000000 0
-59.000000 0
-63.000000 1
-63.000000 0
-64.000000 2
-65.000000 0
-79.000000 3
-78.000000 3
-77.000000 1
-78.000000 2
-79.000000 2
-81.000000 0
-91.000000 3
-90.000000 3
-89.000000 1
-91.000000 1
-92.000000 2
-93.000000 2
-117.000000 3
-116.000000 3
-115.000000 3
-114.000000 3
-113.000000 1
-111.000000 1
-112.000000 2
-113.000000 2
-123.000000 1
-121.000000 1
-122.000000 2
-123.000000 2
-169.000000 0
-168.000000 3
-167.000000 0
-161.000000 1
-159.000000 1
-157.000000 3
-156.000000 3
-155.000000 1
-153.000000 1
-159.000000 0
-160.000000 2
-161.000000 2
-155.000000 1
-161.000000 1
-159.000000 1
-181.000000 1
-179.000000 1
-6.000000 1
-30.000000 1
-54.000000 0
-60.000000 0
-62.000000 1
-66.000000 0
-76.000000 1
-82.000000 0
-88.000000 1
-90.000000 1
-112.000000 1
-110.000000 1
-122.000000 1
-120.000000 1
-160.000000 1
-158.000000 1
-154.000000 1
-152.000000 1
-154.000000 1
-160.000000 1
-158.000000 1
-180.000000 1
-178.000000 1
-7.000000 3
-6.000000 3
-5.000000 1
-3.000000 1
-4.000000 2
-5.000000 2
-27.000000 3
-26.000000 3
-25.000000 1
-27.000000 1
-29.000000 1
-39.000000 3
-38.000000 3
-37.000000 1
-67.000000 1
-65.000000 3
-64.000000 3
-63.000000 1
-57.000000 3
-56.000000 3
-55.000000 0
-61.000000 1
-62.000000 2
-61.000000 0
-61.000000 1
-62.000000 2
-63.000000 2
-67.000000 0
-77.000000 3
-76.000000 3
-75.000000 1
-85.000000 3
-84.000000 3
-83.000000 0
-84.000000 2
-85.000000 2
-86.000000 2
-87.000000 2
-88.000000 2
-89.000000 2
-90.000000 2
-91.000000 2
-115.000000 3
-114.000000 3
-113.000000 3
-112.000000 3
-111.000000 3
-110.000000 3
-109.000000 1
-111.000000 1
-121.000000 1
-119.000000 1
-120.000000 2
-121.000000 2
-163.000000 1
-162.000000 3
-161.000000 3
-160.000000 3
-159.000000 1
-157.000000 1
-158.000000 2
-159.000000 2
-153.000000 1
-151.000000 1
-149.000000 1
-151.000000 1
-152.000000 2
-153.000000 2
-159.000000 3
-158.000000 3
-157.000000 1
-179.000000 3
-178.000000 3
-177.000000 1
-4.000000 1
-2.000000 1
-24.000000 1
-26.000000 1
-28.000000 1
-36.000000 1
-66.000000 1
-62.000000 1
-56.000000 0
-60.000000 1
-60.000000 1
-69.000000 3
-68.000000 0
-74.000000 1
-84.000000 0
-88.000000 0
-108.000000 1
-110.000000 1
-120.000000 1
-118.000000 1
-163.000000 3
-162.000000 1
-158.000000 1
-156.000000 1
-152.000000 1
-150.000000 1
-148.000000 1
-150.000000 1
-156.000000 1
-176.000000 1
-5.000000 3
-4.000000 3
-3.000000 3
-2.000000 3
-1.000000 1
-19.000000 1
-20.000000 2
-21.000000 2
-22.000000 2
-23.000000 2
-24.000000 2
-25.000000 2
-26.000000 2
-27.000000 2
-33.000000 1
-34.000000 2
-35.000000 2
-65.000000 3
-64.000000 3
-63.000000 3
-62.000000 3
-61.000000 3
-60.000000 3
-59.000000 3
-58.000000 3
-57.000000 0
-58.000000 2
-59.000000 2
-58.000000 3
-57.000000 1
-58.000000 2
-59.000000 2
-60.000000 2
-61.000000 2
-69.000000 0
-70.000000 2
-71.000000 2
-72.000000 2
-73.000000 2
-81.000000 1
-85.000000 0
-86.000000 2
-87.000000 2
-88.000000 2
-87.000000 1
-88.000000 2
-89.000000 2
-115.000000 1
-113.000000 3
-112.000000 3
-111.000000 1
-110.000000 3
-109.000000 3
-108.000000 3
-107.000000 1
-108.000000 2
-109.000000 2
-119.000000 3
-118.000000 3
-117.000000 1
-123.000000 1
-161.000000 3
-160.000000 3
-159.000000 3
-158.000000 3
-157.000000 1
-155.000000 1
-153.000000 3
-152.000000 3
-151.000000 3
-150.000000 3
-149.000000 1
-147.000000 1
-148.000000 2
-149.000000 1
-150.000000 2
-151.000000 2
-152.000000 2
-153.000000 2
-154.000000 2
-155.000000 2
-177.000000 3
-176.000000 3
-175.000000 1
-6.000000 0
-4.000000 0
0.000000 1
-18.000000 1
-28.000000 0
-32.000000 1
-62.000000 0
-60.000000 0
-56.000000 1
-60.000000 0
-62.000000 0
-74.000000 0
-80.000000 1
-86.000000 1
-114.000000 1
-110.000000 1
-106.000000 1
-110.000000 0
-116.000000 1
-122.000000 1
-156.000000 1
-154.000000 1
-148.000000 1
-146.000000 1
-148.000000 1
-174.000000 1
-7.000000 0
-5.000000 0
0.000000 0
-17.000000 1
-18.000000 2
-19.000000 2
-37.000000 1
-36.000000 3
-35.000000 1
-29.000000 0
-31.000000 1
-32.000000 2
-33.000000 2
-43.000000 3
-42.000000 3
-41.000000 1
-63.000000 0
-65.000000 3
-64.000000 3
-63.000000 3
-62.000000 3
-61.000000 0
-55.000000 1
-61.000000 0
-63.000000 0
-64.000000 2
-65.000000 2
-71.000000 1
-73.000000 1
-79.000000 1
-85.000000 3
-84.000000 3
-83.000000 1
-85.000000 1
-86.000000 2
-87.000000 2
-113.000000 3
-112.000000 3
-111.000000 1
-109.000000 3
-108.000000 3
-107.000000 3
-106.000000 3
-105.000000 1
-111.000000 0
-112.000000 2
-113.000000 2
-114.000000 2
-115.000000 2
-121.000000 1
-163.000000 3
-162.000000 3
-161.000000 1
-155.000000 3
-154.000000 3
-153.000000 3
-152.000000 3
-151.000000 3
-150.000000 3
-149.000000 3
-148.000000 3
-147.000000 3
-146.000000 3
-145.000000 1
-146.000000 2
-147.000000 2
-153.000000 1
-155.000000 1
-173.000000 3
-172.000000 3
-171.000000 1
-173.000000 1
-6.000000 0
-16.000000 1
-36.000000 1
-34.000000 1
-30.000000 0
-30.000000 1
-40.000000 1
-54.000000 1
-66.000000 0
-70.000000 1
-72.000000 1
-78.000000 1
-82.000000 1
-84.000000 1
-110.000000 1
-104.000000 1
-116.000000 0
-120.000000 1
-160.000000 1
-156.000000 0
-154.000000 0
-152.000000 0
-144.000000 1
-152.000000 1
-154.000000 1
-170.000000 1
-172.000000 1
-17.000000 1
-7.000000 0
-8.000000 2
-9.000000 2
-15.000000 1
-17.000000 1
-35.000000 3
-34.000000 3
-33.000000 3
-32.000000 3
-31.000000 0
-30.000000 3
-29.000000 1
-30.000000 2
-31.000000 2
-37.000000 1
-38.000000 2
-39.000000 2
-40.000000 2
-41.000000 1
-42.000000 2
-43.000000 2
-44.000000 2
-45.000000 2
-46.000000 2
-47.000000 2
-53.000000 1
-71.000000 3
-70.000000 3
-69.000000 3
-68.000000 3
-67.000000 0
-68.000000 2
-69.000000 2
-70.000000 2
-71.000000 2
-77.000000 1
-78.000000 2
-79.000000 2
-80.000000 2
-81.000000 2
-82.000000 2
-83.000000 2
-87.000000 1
-88.000000 2
-89.000000 2
-109.000000 3
-108.000000 3
-107.000000 3
-106.000000 3
-105.000000 3
-104.000000 3
-103.000000 1
-105.000000 1
-106.000000 2
-107.000000 1
-117.000000 0
-118.000000 2
-119.000000 2
-125.000000 1
-159.000000 3
-158.000000 3
-157.000000 0
-156.000000 3
-155.000000 0
-154.000000 3
-153.000000 0
-143.000000 3
-142.000000 3
-141.000000 1
-143.000000 1
-145.000000 1
-151.000000 1
-152.000000 2
-153.000000 2
-154.000000 2
-155.000000 2
-169.000000 1
-170.000000 2
-171.000000 2
-16.000000 1
-8.000000 0
-10.000000 0
-14.000000 1
-16.000000 1
-30.000000 1
-28.000000 1
-36.000000 1
-40.000000 1
-46.000000 0
-48.000000 0
-52.000000 1
-53.000000 2
-72.000000 0
-76.000000 1
-84.000000 0
-85.000000 2
-86.000000 2
-102.000000 1
-104.000000 1
-106.000000 1
-120.000000 0
-124.000000 1
-154.000000 0
-140.000000 1
-142.000000 1
-144.000000 1
-150.000000 1
-155.000000 0
-168.000000 1
-15.000000 1
-9.000000 0
-11.000000 0
-12.000000 2
-13.000000 2
-14.000000 2
-15.000000 2
-16.000000 2
-17.000000 2
-31.000000 3
-30.000000 3
-29.000000 3
-28.000000 3
-27.000000 1
-28.000000 2
-29.000000 2
-35.000000 1
-36.000000 2
-37.000000 2
-38.000000 2
-39.000000 2
-49.000000 3
-48.000000 3
-47.000000 0
-48.000000 2
-49.000000 0
-50.000000 2
-51.000000 2
-59.000000 1
-79.000000 3
-78.000000 3
-77.000000 3
-76.000000 3
-75.000000 3
-74.000000 3
-73.000000 0
-74.000000 2
-75.000000 2
-93.000000 1
-87.000000 3
-86.000000 3
-85.000000 0
-87.000000 0
-88.000000 2
-89.000000 2
-95.000000 1
-97.000000 1
-99.000000 1
-100.000000 2
-101.000000 2
-102.000000 2
-103.000000 2
-104.000000 2
-105.000000 2
-123.000000 3
-122.000000 3
-121.000000 0
-122.000000 2
-123.000000 2
-124.000000 2
-125.000000 2
-126.000000 2
-127.000000 2
-128.000000 2
-129.000000 2
-155.000000 0
-137.000000 1
-138.000000 2
-139.000000 2
-140.000000 2
-141.000000 2
-142.000000 2
-143.000000 2
-149.000000 1
-150.000000 2
-151.000000 2
-169.000000 3
-168.000000 3
-167.000000 1
-168.000000 2
-169.000000 1
-14.000000 1
-10.000000 0
-14.000000 0
-18.000000 0
-26.000000 1
-34.000000 1
-40.000000 0
-41.000000 2
-50.000000 0
-58.000000 1
-78.000000 0
-74.000000 0
-76.000000 0
-92.000000 1
-88.000000 0
-86.000000 0
-88.000000 0
-94.000000 1
-96.000000 1
-98.000000 1
-104.000000 0
-124.000000 0
-126.000000 0
-128.000000 0
-130.000000 0
-136.000000 1
-144.000000 0
-148.000000 1
-163.000000 1
-166.000000 1
-168.000000 1
-13.000000 3
-12.000000 3
-11.000000 0
-12.000000 2
-13.000000 2
-15.000000 0
-21.000000 1
-19.000000 0
-20.000000 2
-21.000000 2
-22.000000 2
-23.000000 2
-24.000000 2
-25.000000 2
-31.000000 1
-32.000000 2
-33.000000 2
-34.000000 2
-35.000000 2
-41.000000 0
-47.000000 1
-49.000000 1
-51.000000 0
-59.000000 3
-58.000000 3
-57.000000 1
-58.000000 2
-59.000000 2
-79.000000 0
-81.000000 1
-75.000000 0
-77.000000 0
-91.000000 3
-90.000000 3
-89.000000 0
-88.000000 3
-87.000000 0
-88.000000 2
-89.000000 0
-90.000000 2
-91.000000 2
-92.000000 2
-93.000000 2
-94.000000 2
-95.000000 2
-96.000000 2
-97.000000 2
-98.000000 2
-99.000000 2
-105.000000 0
-113.000000 1
-131.000000 3
-130.000000 3
-129.000000 1
-125.000000 0
-127.000000 0
-129.000000 0
-131.000000 0
-132.000000 2
-133.000000 2
-134.000000 2
-135.000000 2
-153.000000 1
-147.000000 3
-146.000000 3
-145.000000 0
-146.000000 2
-147.000000 2
-161.000000 1
-162.000000 2
-163.000000 2
-165.000000 1
-166.000000 2
-167.000000 2
-14.000000 0
-14.000000 0
-16.000000 0
-20.000000 1
-24.000000 0
-30.000000 1
-42.000000 0
-46.000000 1
-47.000000 2
-48.000000 2
-52.000000 0
-56.000000 1
-80.000000 0
-80.000000 1
-76.000000 0
-90.000000 0
-93.000000 0
-96.000000 0
-100.000000 0
-112.000000 1
-128.000000 1
-126.000000 0
-127.000000 2
-134.000000 0
-153.000000 3
-152.000000 1
-146.000000 0
-148.000000 0
-160.000000 1
-165.000000 3
-164.000000 1
-15.000000 0
-16.000000 2
-17.000000 2
-16.000000 3
-15.000000 0
-16.000000 2
-17.000000 0
-18.000000 2
-19.000000 2
-20.000000 2
-21.000000 2
-22.000000 2
-23.000000 2
-24.000000 2
-25.000000 0
-26.000000 2
-27.000000 2
-28.000000 2
-29.000000 2
-35.000000 1
-45.000000 3
-44.000000 3
-43.000000 0
-44.000000 2
-45.000000 2
-49.000000 0
-50.000000 2
-51.000000 2
-52.000000 2
-53.000000 2
-54.000000 2
-55.000000 2
-56.000000 2
-57.000000 2
-81.000000 0
-79.000000 3
-78.000000 3
-77.000000 0
-93.000000 1
-95.000000 3
-94.000000 3
-93.000000 1
-95.000000 1
-91.000000 0
-92.000000 2
-93.000000 2
-94.000000 0
-95.000000 2
-96.000000 2
-97.000000 0
-98.000000 2
-99.000000 2
-101.000000 0
-109.000000 1
-111.000000 1
-112.000000 2
-113.000000 2
-127.000000 1
-128.000000 2
-127.000000 0
-147.000000 1
-145.000000 1
-137.000000 3
-136.000000 3
-135.000000 0
-157.000000 1
-151.000000 3
-150.000000 3
-149.000000 3
-148.000000 3
-147.000000 0
-148.000000 2
-149.000000 0
-159.000000 1
-160.000000 2
-161.000000 2
-163.000000 1
-165.000000 1
-17.000000 0
-16.000000 0
-20.000000 0
-22.000000 0
-26.000000 0
-30.000000 0
-34.000000 1
-46.000000 0
-44.000000 0
-52.000000 0
-80.000000 0
-92.000000 1
-92.000000 1
-94.000000 1
-92.000000 0
-94.000000 0
-98.000000 0
-108.000000 1
-110.000000 1
-126.000000 1
-146.000000 1
-144.000000 1
-136.000000 0
-156.000000 1
-150.000000 0
-148.000000 0
-158.000000 1
-162.000000 1
-164.000000 1
-19.000000 3
-18.000000 0
-19.000000 2
-18.000000 3
-17.000000 0
-23.000000 3
-22.000000 3
-21.000000 0
-23.000000 0
-29.000000 3
-28.000000 3
-27.000000 0
-28.000000 2
-29.000000 2
-31.000000 0
-32.000000 2
-33.000000 2
-47.000000 0
-45.000000 0
-51.000000 1
-52.000000 2
-53.000000 2
-54.000000 2
-53.000000 0
-54.000000 2
-55.000000 2
-85.000000 3
-84.000000 3
-83.000000 1
-84.000000 2
-85.000000 2
-79.000000 1
-93.000000 3
-92.000000 3
-91.000000 3
-90.000000 3
-89.000000 1
-90.000000 2
-91.000000 1
-92.000000 2
-93.000000 2
-94.000000 2
-93.000000 0
-95.000000 0
-101.000000 3
-100.000000 3
-99.000000 0
-107.000000 3
-106.000000 3
-105.000000 1
-106.000000 2
-107.000000 2
-109.000000 1
-110.000000 2
-111.000000 2
-125.000000 1
-147.000000 3
-146.000000 3
-145.000000 3
-144.000000 3
-143.000000 1
-141.000000 1
-137.000000 0
-155.000000 3
-154.000000 3
-153.000000 3
-152.000000 3
-151.000000 0
-150.000000 3
-149.000000 0
-155.000000 1
-156.000000 2
-157.000000 2
-158.000000 2
-159.000000 2
-160.000000 2
-161.000000 2
-162.000000 2
-163.000000 2
-20.000000 0
-25.000000 3
-24.000000 0
-22.000000 0
-24.000000 0
-30.000000 0
-32.000000 0
-46.000000 1
-46.000000 0
-50.000000 1
-54.000000 0
-56.000000 0
-82.000000 1
-78.000000 1
-93.000000 0
-88.000000 1
-90.000000 1
-100.000000 0
-104.000000 1
-108.000000 1
-124.000000 1
-142.000000 1
-140.000000 1
-152.000000 0
-150.000000 0
-154.000000 1
-162.000000 0
-164.000000 0
-23.000000 3
-22.000000 3
-21.000000 0
-22.000000 2
-23.000000 2
-25.000000 0
-23.000000 0
-24.000000 2
-25.000000 0
-26.000000 2
-27.000000 2
-28.000000 2
-29.000000 2
-31.000000 0
-32.000000 2
-33.000000 0
-47.000000 3
-46.000000 3
-45.000000 1
-46.000000 2
-47.000000 0
-48.000000 1
-49.000000 2
-50.000000 2
-51.000000 2
-52.000000 2
-53.000000 1
-57.000000 0
-58.000000 2
-59.000000 2
-81.000000 3
-80.000000 3
-79.000000 3
-78.000000 3
-77.000000 3
-76.000000 3
-75.000000 1
-85.000000 1
-86.000000 2
-87.000000 2
-88.000000 2
-89.000000 2
-91.000000 1
-93.000000 1
-95.000000 1
-97.000000 1
-99.000000 1
-100.000000 2
-101.000000 2
-102.000000 2
-103.000000 2
-104.000000 2
-105.000000 2
-106.000000 2
-107.000000 2
-125.000000 3
-124.000000 3
-123.000000 1
-125.000000 1
-126.000000 2
-127.000000 2
-141.000000 3
-140.000000 3
-139.000000 1
-140.000000 2
-141.000000 2
-155.000000 3
-154.000000 3
-153.000000 1
-154.000000 2
-153.000000 0
-151.000000 0
-152.000000 2
-153.000000 2
-159.000000 1
-160.000000 2
-161.000000 2
-163.000000 0
-165.000000 0
-24.000000 0
-26.000000 0
-30.000000 0
-32.000000 0
-44.000000 1
-47.000000 1
-52.000000 1
-58.000000 0
-74.000000 1
-84.000000 1
-90.000000 1
-92.000000 1
-94.000000 1
-96.000000 1
-98.000000 1
-104.000000 0
-106.000000 0
-122.000000 1
-124.000000 1
-138.000000 1
-142.000000 0
-152.000000 1
-154.000000 0
-158.000000 1
-164.000000 1
-33.000000 3
-32.000000 3
-31.000000 3
-30.000000 3
-29.000000 3
-28.000000 3
-27.000000 3
-26.000000 3
-25.000000 0
-27.000000 0
-33.000000 3
-32.000000 3
-31.000000 0
-33.000000 0
-43.000000 3
-42.000000 3
-41.000000 1
-43.000000 1
-44.000000 2
-45.000000 2
-46.000000 2
-47.000000 2
-49.000000 1
-50.000000 2
-51.000000 2
-59.000000 0
-60.000000 2
-61.000000 2
-62.000000 2
-63.000000 2
-64.000000 2
-65.000000 2
-71.000000 1
-72.000000 2
-73.000000 2
-83.000000 1
-91.000000 3
-90.000000 3
-89.000000 3
-88.000000 1
-89.000000 2
-90.000000 2
-91.000000 1
-93.000000 1
-94.000000 2
-95.000000 2
-96.000000 2
-97.000000 2
-107.000000 3
-106.000000 3
-105.000000 0
-106.000000 2
-107.000000 0
-108.000000 2
-109.000000 2
-123.000000 3
-122.000000 3
-121.000000 1
-122.000000 2
-123.000000 2
-137.000000 1
-138.000000 2
-139.000000 2
-138.000000 3
-137.000000 1
-143.000000 0
-153.000000 3
-152.000000 3
-151.000000 1
-157.000000 1
-158.000000 2
-159.000000 2
-155.000000 0
-156.000000 2
-157.000000 2
-163.000000 3
-162.000000 3
-161.000000 1
-162.000000 2
-163.000000 1
-33.000000 0
-30.000000 0
-28.000000 0
-32.000000 0
-34.000000 0
-40.000000 1
-42.000000 1
-48.000000 1
-66.000000 0
-70.000000 1
-82.000000 1
-87.000000 1
-90.000000 1
-92.000000 1
-106.000000 1
-120.000000 1
-124.000000 0
-136.000000 1
-136.000000 1
-144.000000 0
-150.000000 1
-156.000000 1
-156.000000 0
-160.000000 1
-162.000000 1
-35.000000 3
-34.000000 0
-35.000000 2
-31.000000 0
-30.000000 3
-29.000000 0
-30.000000 2
-31.000000 2
-32.000000 2
-33.000000 2
-34.000000 2
-35.000000 2
-33.000000 0
-34.000000 2
-35.000000 0
-36.000000 2
-37.000000 2
-38.000000 2
-39.000000 2
-40.000000 2
-41.000000 2
-42.000000 2
-43.000000 2
-44.000000 2
-45.000000 2
-46.000000 2
-47.000000 2
-75.000000 3
-74.000000 3
-73.000000 3
-72.000000 3
-71.000000 3
-70.000000 3
-69.000000 3
-68.000000 3
-67.000000 0
-68.000000 2
-69.000000 2
-79.000000 1
-81.000000 1
-82.000000 2
-83.000000 2
-84.000000 2
-85.000000 2
-86.000000 2
-87.000000 2
-88.000000 2
-89.000000 2
-90.000000 2
-91.000000 2
-101.000000 3
-100.000000 3
-99.000000 1
-100.000000 2
-101.000000 2
-102.000000 2
-103.000000 2
-104.000000 2
-105.000000 2
-106.000000 2
-107.000000 2
-108.000000 2
-109.000000 2
-119.000000 1
-125.000000 0
-135.000000 3
-134.000000 3
-133.000000 1
-135.000000 1
-145.000000 0
-146.000000 2
-147.000000 2
-148.000000 2
-149.000000 2
-155.000000 1
-156.000000 2
-157.000000 2
-158.000000 2
-157.000000 0
-155.000000 1
-157.000000 1
-158.000000 2
-159.000000 2
-161.000000 1
-36.000000 0
-36.000000 0
-32.000000 0
-34.000000 0
-36.000000 0
-34.000000 0
-40.000000 0
-42.000000 0
-46.000000 0
-48.000000 0
-71.000000 0
-68.000000 0
-70.000000 0
-78.000000 1
-80.000000 1
-92.000000 0
-98.000000 1
-102.000000 0
-106.000000 0
-110.000000 0
-118.000000 1
-132.000000 1
-134.000000 1
-150.000000 0
-154.000000 1
-156.000000 1
-154.000000 1
-156.000000 1
-160.000000 1
-37.000000 0
-37.000000 0
-43.000000 1
-45.000000 1
-33.000000 0
-35.000000 0
-37.000000 0
-36.000000 3
-35.000000 0
-49.000000 1
-51.000000 1
-41.000000 0
-43.000000 0
-53.000000 1
-47.000000 0
-49.000000 0
-50.000000 2
-51.000000 2
-75.000000 3
-74.000000 3
-73.000000 3
-72.000000 0
-71.000000 3
-70.000000 3
-69.000000 0
-70.000000 2
-71.000000 0
-77.000000 1
-78.000000 2
-79.000000 2
-80.000000 2
-81.000000 2
-111.000000 3
-110.000000 3
-109.000000 1
-110.000000 2
-111.000000 2
-93.000000 0
-94.000000 2
-95.000000 2
-96.000000 2
-97.000000 2
-103.000000 0
-113.000000 1
-107.000000 0
-113.000000 3
-112.000000 3
-111.000000 0
-117.000000 1
-127.000000 3
-126.000000 3
-125.000000 1
-131.000000 1
-132.000000 2
-133.000000 2
-134.000000 2
-135.000000 2
-137.000000 1
-151.000000 0
-152.000000 2
-153.000000 2
-154.000000 2
-155.000000 2
-156.000000 2
-155.000000 3
-154.000000 3
-153.000000 1
-154.000000 2
-155.000000 2
-156.000000 2
-157.000000 2
-159.000000 1
-38.000000 0
-38.000000 0
-42.000000 1
-44.000000 1
-36.000000 0
-48.000000 1
-50.000000 1
-42.000000 0
-52.000000 1
-48.000000 0
-50.000000 0
-72.000000 0
-72.000000 0
-76.000000 1
-82.000000 0
-108.000000 1
-94.000000 0
-98.000000 0
-112.000000 1
-108.000000 0
-112.000000 0
-116.000000 1
-124.000000 1
-130.000000 1
-136.000000 1
-154.000000 0
-152.000000 1
-158.000000 1
-39.000000 0
-40.000000 2
-39.000000 0
-40.000000 2
-41.000000 2
-42.000000 2
-43.000000 2
-44.000000 2
-45.000000 2
-37.000000 0
-38.000000 2
-39.000000 2
-49.000000 3
-48.000000 3
-47.000000 1
-48.000000 2
-49.000000 2
-43.000000 0
-53.000000 3
-52.000000 3
-51.000000 3
-50.000000 3
-49.000000 0
-51.000000 0
-57.000000 1
-58.000000 2
-59.000000 1
-60.000000 2
-61.000000 2
-73.000000 0
-83.000000 1
-73.000000 0
-74.000000 2
-75.000000 2
-76.000000 2
-77.000000 2
-83.000000 0
-109.000000 3
-108.000000 3
-107.000000 1
-97.000000 3
-96.000000 3
-95.000000 0
-96.000000 2
-97.000000 2
-99.000000 0
-117.000000 1
-111.000000 3
-110.000000 3
-109.000000 0
-110.000000 2
-111.000000 2
-112.000000 2
-113.000000 0
-114.000000 2
-115.000000 2
-121.000000 1
-123.000000 1
-129.000000 1
-130.000000 2
-131.000000 2
-133.000000 1
-135.000000 1
-139.000000 1
-155.000000 0
-147.000000 1
-148.000000 2
-149.000000 2
-150.000000 2
-151.000000 1
-152.000000 2
-153.000000 2
-154.000000 2
-155.000000 2
-156.000000 2
-157.000000 2
-40.000000 0
-40.000000 0
-42.000000 0
-46.000000 0
-40.000000 0
-46.000000 1
-50.000000 0
-52.000000 0
-56.000000 1
-58.000000 1
-82.000000 1
-76.000000 0
-78.000000 0
-82.000000 1
-106.000000 1
-96.000000 0
-100.000000 0
-116.000000 1
-110.000000 0
-112.000000 0
-116.000000 0
-120.000000 1
-122.000000 1
-128.000000 1
-132.000000 1
-133.000000 2
-134.000000 2
-138.000000 1
-146.000000 1
-150.000000 1
-154.000000 0
-157.000000 0
-41.000000 0
-41.000000 0
-42.000000 2
-43.000000 0
-44.000000 2
-45.000000 2
-45.000000 3
-44.000000 3
-43.000000 3
-42.000000 3
-41.000000 0
-42.000000 2
-43.000000 2
-44.000000 2
-45.000000 2
-46.000000 2
-47.000000 2
-61.000000 3
-60.000000 3
-59.000000 3
-58.000000 3
-57.000000 1
-51.000000 0
-53.000000 0
-54.000000 2
-55.000000 2
-56.000000 2
-57.000000 2
-58.000000 2
-59.000000 2
-83.000000 3
-82.000000 3
-81.000000 3
-80.000000 3
-79.000000 3
-78.000000 3
-77.000000 0
-79.000000 0
-80.000000 2
-81.000000 2
-91.000000 1
-105.000000 1
-104.000000 3
-103.000000 1
-97.000000 0
-103.000000 3
-102.000000 3
-101.000000 0
-115.000000 3
-114.000000 3
-113.000000 1
-111.000000 0
-113.000000 0
-114.000000 2
-115.000000 2
-117.000000 0
-118.000000 2
-119.000000 2
-120.000000 2
-121.000000 2
-127.000000 1
-128.000000 2
-129.000000 2
-130.000000 2
-131.000000 2
-135.000000 0
-136.000000 2
-137.000000 2
-143.000000 1
-145.000000 1
-147.000000 1
-149.000000 1
-155.000000 0
-161.000000 1
-159.000000 1
-44.000000 0
-46.000000 0
-46.000000 0
-44.000000 0
-46.000000 0
-48.000000 0
-56.000000 1
-52.000000 0
-54.000000 0
-84.000000 0
-78.000000 0
-82.000000 0
-90.000000 1
-104.000000 1
-102.000000 1
-98.000000 0
-102.000000 0
-112.000000 1
-113.000000 2
-114.000000 0
-119.000000 1
-120.000000 0
-122.000000 0
-126.000000 1
-130.000000 0
-132.000000 0
-138.000000 0
-142.000000 1
-144.000000 1
-146.000000 1
-148.000000 1
-161.000000 3
-160.000000 1
-158.000000 1
-67.000000 1
-65.000000 1
-45.000000 0
-47.000000 0
-48.000000 2
-47.000000 0
-45.000000 0
-55.000000 1
-49.000000 3
-48.000000 3
-47.000000 0
-49.000000 0
-59.000000 3
-58.000000 3
-57.000000 3
-56.000000 3
-55.000000 3
-54.000000 3
-53.000000 0
-54.000000 2
-55.000000 0
-56.000000 2
-57.000000 2
-67.000000 1
-87.000000 3
-86.000000 3
-85.000000 0
-81.000000 1
-79.000000 1
-80.000000 2
-79.000000 0
-85.000000 3
-84.000000 3
-83.000000 0
-89.000000 1
-103.000000 3
-102.000000 3
-101.000000 3
-100.000000 3
-99.000000 0
-100.000000 2
-101.000000 2
-102.000000 2
-103.000000 0
-104.000000 2
-105.000000 2
-111.000000 1
-113.000000 1
-114.000000 2
-115.000000 0
-116.000000 2
-117.000000 2
-118.000000 2
-119.000000 2
-120.000000 2
-121.000000 0
-123.000000 0
-124.000000 2
-125.000000 2
-131.000000 0
-133.000000 0
-134.000000 2
-135.000000 2
-139.000000 0
-140.000000 2
-141.000000 2
-142.000000 2
-143.000000 2
-144.000000 2
-145.000000 2
-146.000000 2
-147.000000 2
-153.000000 1
-159.000000 3
-158.000000 3
-157.000000 1
-66.000000 1
-64.000000 1
-54.000000 1
-48.000000 0
-50.000000 0
-51.000000 2
-56.000000 0
-54.000000 0
-56.000000 0
-66.000000 1
-80.000000 1
-78.000000 1
-84.000000 0
-88.000000 1
-100.000000 0
-106.000000 0
-110.000000 1
-112.000000 1
-114.000000 1
-126.000000 0
-134.000000 0
-140.000000 0
-142.000000 0
-144.000000 0
-148.000000 0
-152.000000 1
-156.000000 1
-65.000000 3
-64.000000 3
-63.000000 3
-62.000000 3
-61.000000 3
-60.000000 3
-59.000000 3
-58.000000 3
-57.000000 3
-56.000000 3
-55.000000 3
-54.000000 3
-53.000000 3
-52.000000 3
-51.000000 3
-50.000000 3
-49.000000 0
-51.000000 0
-61.000000 3
-60.000000 3
-59.000000 3
-58.000000 3
-57.000000 0
-56.000000 3
-55.000000 0
-56.000000 2
-57.000000 0
-63.000000 1
-65.000000 1
-66.000000 2
-67.000000 2
-81.000000 3
-80.000000 3
-79.000000 3
-78.000000 3
-77.000000 1
-79.000000 1
-80.000000 2
-81.000000 2
-85.000000 0
-86.000000 2
-87.000000 2
-93.000000 1
-103.000000 3
-102.000000 3
-101.000000 0
-102.000000 2
-103.000000 2
-109.000000 3
-108.000000 3
-107.000000 0
-108.000000 2
-109.000000 2
-110.000000 2
-111.000000 2
-112.000000 2
-113.000000 2
-114.000000 2
-115.000000 2
-116.000000 2
-117.000000 2
-131.000000 3
-130.000000 3
-129.000000 3
-128.000000 3
-127.000000 0
-137.000000 1
-135.000000 0
-136.000000 2
-137.000000 2
-141.000000 0
-143.000000 0
-145.000000 0
-151.000000 3
-150.000000 3
-149.000000 0
-150.000000 2
-151.000000 2
-152.000000 2
-153.000000 2
-154.000000 2
-155.000000 2
-64.000000 0
-58.000000 0
-54.000000 0
-50.000000 0
-52.000000 0
-56.000000 0
-58.000000 0
-62.000000 1
-64.000000 1
-76.000000 1
-78.000000 1
-88.000000 0
-92.000000 1
-103.000000 0
-108.000000 0
-112.000000 0
-118.000000 0
-130.000000 0
-136.000000 1
-138.000000 0
-144.000000 0
-150.000000 0
-152.000000 0
-154.000000 0
-67.000000 3
-66.000000 3
-65.000000 0
-66.000000 2
-67.000000 2
-61.000000 3
-60.000000 3
-59.000000 0
-58.000000 3
-57.000000 3
-56.000000 3
-55.000000 0
-53.000000 3
-52.000000 3
-51.000000 0
-52.000000 2
-53.000000 0
-54.000000 2
-55.000000 2
-56.000000 2
-57.000000 2
-58.000000 2
-59.000000 2
-58.000000 3
-57.000000 0
-58.000000 2
-59.000000 0
-60.000000 2
-61.000000 2
-62.000000 2
-63.000000 2
-64.000000 2
-65.000000 2
-66.000000 2
-67.000000 2
-73.000000 1
-75.000000 1
-76.000000 2
-77.000000 1
-79.000000 1
-81.000000 1
-89.000000 0
-90.000000 2
-91.000000 2
-92.000000 2
-93.000000 2
-94.000000 2
-95.000000 2
-113.000000 3
-112.000000 3
-111.000000 3
-110.000000 3
-109.000000 0
-115.000000 3
-114.000000 3
-113.000000 0
-114.000000 2
-115.000000 2
-121.000000 3
-120.000000 3
-119.000000 0
-120.000000 2
-121.000000 2
-131.000000 0
-132.000000 2
-133.000000 2
-135.000000 1
-136.000000 2
-137.000000 2
-139.000000 0
-140.000000 2
-141.000000 2
-145.000000 0
-146.000000 2
-147.000000 2
-148.000000 2
-149.000000 2
-151.000000 0
-153.000000 0
-154.000000 2
-155.000000 0
-156.000000 2
-157.000000 2
-62.000000 0
-60.000000 0
-54.000000 0
-52.000000 0
-54.000000 0
-60.000000 0
-59.000000 0
-64.000000 0
-66.000000 0
-72.000000 1
-74.000000 1
-76.000000 1
-78.000000 1
-80.000000 1
-90.000000 0
-94.000000 0
-114.000000 0
-116.000000 0
-122.000000 0
-122.000000 0
-130.000000 1
-134.000000 1
-141.000000 3
-140.000000 0
-148.000000 0
-150.000000 0
-152.000000 0
-156.000000 0
-158.000000 0
-95.000000 1
-75.000000 1
-77.000000 1
-63.000000 0
-61.000000 0
-62.000000 2
-63.000000 2
-73.000000 1
-55.000000 0
-53.000000 0
-55.000000 0
-69.000000 3
-68.000000 3
-67.000000 1
-61.000000 0
-83.000000 1
-81.000000 1
-67.000000 3
-66.000000 3
-65.000000 0
-66.000000 2
-67.000000 0
-68.000000 2
-69.000000 2
-70.000000 2
-71.000000 2
-72.000000 2
-73.000000 2
-74.000000 2
-75.000000 2
-76.000000 2
-77.000000 2
-78.000000 2
-79.000000 2
-91.000000 0
-92.000000 2
-93.000000 2
-95.000000 0
-99.000000 1
-100.000000 2
-101.000000 2
-107.000000 1
-105.000000 1
-106.000000 2
-107.000000 2
-115.000000 0
-117.000000 0
-123.000000 0
-124.000000 2
-125.000000 2
-124.000000 3
-123.000000 0
-129.000000 1
-130.000000 2
-131.000000 2
-132.000000 2
-133.000000 2
-134.000000 2
-135.000000 2
-141.000000 0
-151.000000 3
-150.000000 3
-149.000000 1
-149.000000 0
-150.000000 2
-151.000000 0
-152.000000 2
-153.000000 0
-154.000000 2
-155.000000 2
-156.000000 2
-157.000000 0
-159.000000 0
-94.000000 1
-74.000000 1
-76.000000 1
-64.000000 0
-62.000000 0
-64.000000 0
-72.000000 1
-56.000000 0
-66.000000 1
-82.000000 1
-80.000000 1
-66.000000 0
-68.000000 0
-72.000000 0
-76.000000 0
-78.000000 0
-80.000000 0
-94.000000 0
-96.000000 0
-98.000000 1
-106.000000 1
-104.000000 1
-108.000000 0
-124.000000 0
-128.000000 1
-132.000000 0
-134.000000 0
-143.000000 3
-142.000000 0
-148.000000 1
-152.000000 0
-154.000000 0
-156.000000 0
-158.000000 0
-160.000000 0
-93.000000 1
-73.000000 1
-74.000000 2
-75.000000 2
-65.000000 0
-63.000000 0
-65.000000 0
-71.000000 3
-70.000000 3
-69.000000 1
-71.000000 1
-57.000000 0
-63.000000 1
-65.000000 1
-66.000000 2
-67.000000 2
-81.000000 3
-80.000000 3
-79.000000 1
-78.000000 3
-77.000000 1
-67.000000 0
-69.000000 0
-70.000000 2
-71.000000 2
-73.000000 0
-74.000000 2
-75.000000 2
-76.000000 2
-77.000000 0
-79.000000 0
-81.000000 0
-95.000000 1
-93.000000 1
-95.000000 1
-97.000000 1
-98.000000 2
-99.000000 1
-105.000000 3
-104.000000 3
-103.000000 1
-109.000000 0
-119.000000 1
-117.000000 1
-118.000000 2
-119.000000 2
-127.000000 3
-126.000000 3
-125.000000 0
-126.000000 2
-127.000000 2
-133.000000 0
-135.000000 0
-136.000000 2
-137.000000 2
-143.000000 0
-145.000000 1
-147.000000 1
-149.000000 1
-153.000000 0
-155.000000 0
-157.000000 0
-159.000000 0
-161.000000 0
-92.000000 1
-72.000000 1
-66.000000 0
-64.000000 0
-66.000000 0
-68.000000 1
-70.000000 1
-58.000000 0
-62.000000 1
-64.000000 1
-78.000000 1
-76.000000 1
-68.000000 0
-70.000000 0
-97.000000 1
-78.000000 0
-82.000000 0
-94.000000 1
-92.000000 1
-94.000000 1
-96.000000 1
-98.000000 1
-102.000000 1
-118.000000 1
-116.000000 1
-128.000000 0
-138.000000 0
-142.000000 1
-144.000000 1
-146.000000 1
-148.000000 1
-158.000000 0
-160.000000 0
-162.000000 0
-91.000000 1
-71.000000 3
-70.000000 3
-69.000000 3
-68.000000 3
-67.000000 0
-66.000000 3
-65.000000 0
-66.000000 2
-67.000000 0
-69.000000 1
-67.000000 1
-68.000000 2
-69.000000 2
-59.000000 0
-60.000000 2
-61.000000 2
-62.000000 2
-63.000000 2
-64.000000 2
-65.000000 2
-79.000000 3
-78.000000 3
-77.000000 1
-75.000000 1
-69.000000 0
-71.000000 0
-97.000000 3
-96.000000 3
-95.000000 1
-93.000000 1
-79.000000 0
-89.000000 1
-83.000000 0
-93.000000 3
-92.000000 3
-91.000000 1
-92.000000 2
-93.000000 2
-95.000000 1
-96.000000 2
-97.000000 2
-98.000000 2
-99.000000 2
-100.000000 2
-101.000000 2
-102.000000 2
-103.000000 2
-117.000000 3
-116.000000 3
-115.000000 1
-117.000000 1
-119.000000 1
-125.000000 1
-129.000000 0
-125.000000 1
-127.000000 1
-139.000000 0
-140.000000 2
-141.000000 2
-142.000000 2
-143.000000 2
-144.000000 2
-145.000000 2
-146.000000 2
-147.000000 2
-148.000000 2
-149.000000 2
-150.000000 2
-151.000000 2
-159.000000 0
-160.000000 2
-161.000000 0
-162.000000 2
-163.000000 0
-90.000000 1
-70.000000 0
-66.000000 0
-68.000000 0
-68.000000 1
-66.000000 1
-60.000000 0
-66.000000 0
-76.000000 1
-74.000000 1
-70.000000 0
-94.000000 1
-92.000000 1
-88.000000 1
-84.000000 0
-90.000000 1
-94.000000 1
-98.000000 0
-102.000000 0
-114.000000 1
-116.000000 1
-118.000000 1
-124.000000 1
-124.000000 1
-126.000000 1
-140.000000 0
-148.000000 0
-160.000000 0
-162.000000 0
-89.000000 1
-73.000000 3
-72.000000 3
-71.000000 0
-72.000000 2
-73.000000 2
-67.000000 0
-68.000000 2
-69.000000 0
-68.000000 3
-67.000000 3
-66.000000 3
-65.000000 3
-64.000000 3
-63.000000 3
-62.000000 3
-61.000000 0
-62.000000 2
-63.000000 2
-64.000000 2
-65.000000 2
-66.000000 2
-67.000000 0
-73.000000 1
-75.000000 1
-73.000000 3
-72.000000 3
-71.000000 0
-77.000000 1
-79.000000 1
-93.000000 3
-92.000000 3
-91.000000 3
-90.000000 3
-89.000000 3
-88.000000 3
-87.000000 3
-86.000000 3
-85.000000 0
-86.000000 2
-87.000000 2
-88.000000 2
-89.000000 2
-90.000000 2
-91.000000 2
-92.000000 2
-93.000000 2
-99.000000 0
-100.000000 2
-101.000000 2
-102.000000 2
-103.000000 0
-109.000000 1
-110.000000 2
-111.000000 2
-113.000000 1
-115.000000 1
-116.000000 2
-117.000000 1
-123.000000 3
-122.000000 3
-121.000000 1
-123.000000 1
-125.000000 1
-141.000000 0
-159.000000 1
-153.000000 3
-152.000000 3
-151.000000 3
-150.000000 3
-149.000000 0
-165.000000 3
-164.000000 3
-163.000000 3
-162.000000 3
-161.000000 0
-163.000000 0
-169.000000 1
-88.000000 1
-73.000000 0
-68.000000 0
-64.000000 0
-62.000000 0
-68.000000 0
-72.000000 1
-74.000000 1
-72.000000 0
-76.000000 1
-78.000000 1
-89.000000 0
-86.000000 0
-92.000000 0
-94.000000 0
-101.000000 0
-104.000000 0
-108.000000 1
-112.000000 1
-114.000000 1
-116.000000 1
-120.000000 1
-122.000000 1
-124.000000 1
-158.000000 1
-152.000000 0
-150.000000 0
-166.000000 0
-162.000000 0
-164.000000 0
-168.000000 1
-87.000000 1
-83.000000 1
-81.000000 1
-75.000000 3
-74.000000 3
-73.000000 3
-72.000000 3
-71.000000 3
-70.000000 3
-69.000000 0
-67.000000 3
-66.000000 3
-65.000000 0
-63.000000 0
-73.000000 3
-72.000000 3
-71.000000 3
-70.000000 3
-69.000000 0
-70.000000 2
-71.000000 2
-72.000000 2
-73.000000 2
-74.000000 2
-75.000000 2
-74.000000 3
-73.000000 0
-74.000000 2
-75.000000 2
-76.000000 2
-77.000000 2
-78.000000 2
-79.000000 2
-80.000000 2
-81.000000 2
-82.000000 2
-83.000000 2
-89.000000 1
-88.000000 3
-87.000000 0
-88.000000 2
-89.000000 2
-95.000000 3
-94.000000 3
-93.000000 0
-95.000000 0
-96.000000 2
-97.000000 2
-107.000000 3
-106.000000 3
-105.000000 0
-106.000000 2
-107.000000 2
-108.000000 2
-109.000000 2
-110.000000 2
-111.000000 2
-112.000000 2
-113.000000 2
-114.000000 2
-115.000000 2
-116.000000 2
-117.000000 2
-118.000000 2
-119.000000 2
-120.000000 2
-121.000000 2
-122.000000 2
-123.000000 2
-124.000000 2
-125.000000 2
-157.000000 3
-156.000000 3
-155.000000 3
-154.000000 3
-153.000000 0
-152.000000 3
-151.000000 0
-167.000000 0
-163.000000 1
-164.000000 2
-163.000000 0
-164.000000 2
-165.000000 0
-166.000000 2
-167.000000 2
-86.000000 1
-82.000000 3
-81.000000 3
-80.000000 1
-76.000000 0
-74.000000 0
-72.000000 0
-72.000000 0
-74.000000 0
-76.000000 0
-78.000000 0
-82.000000 0
-84.000000 0
-88.000000 1
-88.000000 0
-108.000000 0
-112.000000 0
-114.000000 0
-118.000000 0
-122.000000 0
-124.000000 0
-152.000000 0
-162.000000 1
-164.000000 0
-166.000000 0
-168.000000 0
-85.000000 3
-84.000000 3
-83.000000 0
-79.000000 3
-78.000000 3
-77.000000 0
-76.000000 3
-75.000000 0
-76.000000 2
-77.000000 2
-83.000000 1
-84.000000 2
-85.000000 1
-115.000000 1
-77.000000 3
-76.000000 3
-75.000000 3
-74.000000 3
-73.000000 0
-74.000000 2
-75.000000 2
-74.000000 3
-73.000000 0
-74.000000 2
-75.000000 2
-93.000000 1
-75.000000 0
-77.000000 0
-79.000000 0
-85.000000 3
-84.000000 3
-83.000000 0
-85.000000 0
-86.000000 2
-87.000000 2
-89.000000 0
-90.000000 2
-91.000000 2
-92.000000 2
-93.000000 2
-107.000000 3
-106.000000 3
-105.000000 1
-106.000000 2
-107.000000 2
-108.000000 2
-109.000000 2
-111.000000 3
-110.000000 3
-109.000000 0
-115.000000 3
-114.000000 3
-113.000000 0
-115.000000 0
-116.000000 2
-117.000000 2
-119.000000 0
-133.000000 1
-123.000000 0
-124.000000 2
-125.000000 0
-126.000000 2
-127.000000 2
-128.000000 2
-129.000000 2
-157.000000 3
-156.000000 3
-155.000000 3
-154.000000 3
-153.000000 0
-159.000000 1
-160.000000 2
-161.000000 2
-163.000000 1
-167.000000 0
-168.000000 2
-169.000000 0
-86.000000 0
-78.000000 0
-78.000000 0
-82.000000 1
-84.000000 1
-114.000000 1
-75.000000 0
-92.000000 1
-80.000000 0
-81.000000 2
-84.000000 0
-94.000000 0
-104.000000 1
-108.000000 0
-110.000000 0
-116.000000 0
-116.000000 0
-118.000000 0
-132.000000 1
-126.000000 0
-130.000000 0
-154.000000 0
-158.000000 1
-162.000000 1
-166.000000 1
-87.000000 0
-88.000000 2
-89.000000 2
-101.000000 1
-79.000000 0
-80.000000 2
-81.000000 2
-80.000000 3
-79.000000 0
-80.000000 2
-81.000000 2
-82.000000 2
-83.000000 2
-113.000000 1
-111.000000 1
-113.000000 1
-107.000000 1
-105.000000 1
-95.000000 3
-94.000000 3
-93.000000 1
-92.000000 3
-91.000000 1
-85.000000 3
-84.000000 3
-83.000000 3
-82.000000 3
-81.000000 0
-103.000000 1
-85.000000 0
-86.000000 2
-87.000000 2
-88.000000 2
-89.000000 2
-90.000000 2
-91.000000 2
-92.000000 2
-93.000000 2
-95.000000 0
-101.000000 1
-102.000000 2
-103.000000 2
-109.000000 0
-111.000000 0
-112.000000 2
-113.000000 2
-119.000000 1
-117.000000 0
-119.000000 3
-118.000000 3
-117.000000 0
-119.000000 0
-133.000000 3
-132.000000 3
-131.000000 3
-130.000000 3
-129.000000 3
-128.000000 3
-127.000000 0
-133.000000 3
-132.000000 3
-131.000000 0
-139.000000 1
-140.000000 2
-141.000000 2
-155.000000 0
-156.000000 2
-157.000000 2
-158.000000 2
-159.000000 2
-160.000000 2
-161.000000 2
-165.000000 1
-166.000000 2
-167.000000 2
-88.000000 0
-100.000000 1
-84.000000 0
-112.000000 1
-110.000000 1
-112.000000 1
-106.000000 1
-104.000000 1
-92.000000 1
-90.000000 1
-84.000000 0
-102.000000 1
-88.000000 0
-90.000000 0
-92.000000 0
-94.000000 0
-96.000000 0
-100.000000 1
-103.000000 1
-114.000000 0
-118.000000 1
-118.000000 0
-118.000000 0
-132.000000 0
-130.000000 0
-134.000000 0
-132.000000 0
-138.000000 1
-158.000000 0
-162.000000 0
-164.000000 1
-89.000000 0
-101.000000 3
-100.000000 3
-99.000000 3
-98.000000 3
-97.000000 1
-95.000000 1
-93.000000 1
-94.000000 2
-95.000000 2
-85.000000 0
-111.000000 3
-110.000000 3
-109.000000 1
-110.000000 2
-111.000000 2
-105.000000 3
-104.000000 3
-103.000000 1
-93.000000 3
-92.000000 3
-91.000000 3
-90.000000 3
-89.000000 3
-88.000000 3
-87.000000 3
-86.000000 3
-85.000000 0
-103.000000 1
-102.000000 3
-101.000000 1
-102.000000 2
-103.000000 2
-89.000000 0
-91.000000 0
-93.000000 0
-95.000000 0
-96.000000 2
-97.000000 0
-98.000000 2
-99.000000 2
-100.000000 2
-101.000000 2
-102.000000 2
-103.000000 2
-104.000000 2
-105.000000 2
-115.000000 0
-116.000000 2
-117.000000 2
-118.000000 2
-119.000000 0
-121.000000 3
-120.000000 3
-119.000000 0
-133.000000 1
-135.000000 1
-134.000000 3
-133.000000 0
-132.000000 3
-131.000000 0
-132.000000 2
-133.000000 2
-135.000000 0
-134.000000 3
-133.000000 0
-137.000000 1
-141.000000 1
-142.000000 2
-143.000000 2
-157.000000 1
-163.000000 3
-162.000000 3
-161.000000 1
-163.000000 1
-164.000000 2
-165.000000 2
-90.000000 0
-100.000000 0
-96.000000 1
-94.000000 1
-92.000000 1
-86.000000 0
-112.000000 0
-108.000000 1
-102.000000 1
-88.000000 0
-86.000000 0
-102.000000 1
-100.000000 1
-92.000000 0
-96.000000 0
-98.000000 0
-100.000000 0
-103.000000 0
-120.000000 0
-132.000000 1
-134.000000 1
-134.000000 0
-135.000000 2
-136.000000 2
-140.000000 1
-156.000000 1
-160.000000 1
-162.000000 1
-91.000000 0
-97.000000 1
-99.000000 1
-95.000000 3
-94.000000 3
-93.000000 3
-92.000000 3
-91.000000 3
-90.000000 3
-89.000000 3
-88.000000 3
-87.000000 0
-113.000000 0
-107.000000 3
-106.000000 3
-105.000000 3
-104.000000 3
-103.000000 3
-102.000000 3
-101.000000 1
-95.000000 3
-94.000000 3
-93.000000 3
-92.000000 3
-91.000000 3
-90.000000 3
-89.000000 0
-87.000000 0
-101.000000 3
-100.000000 3
-99.000000 3
-98.000000 3
-97.000000 3
-96.000000 3
-95.000000 3
-94.000000 3
-93.000000 0
-94.000000 2
-95.000000 2
-97.000000 0
-99.000000 0
-100.000000 2
-101.000000 0
-109.000000 1
-111.000000 1
-131.000000 3
-130.000000 3
-129.000000 1
-130.000000 2
-131.000000 1
-121.000000 0
-122.000000 2
-123.000000 2
-124.000000 2
-125.000000 2
-131.000000 1
-132.000000 2
-133.000000 2
-143.000000 1
-144.000000 2
-145.000000 2
-139.000000 3
-138.000000 3
-137.000000 3
-136.000000 3
-135.000000 0
-137.000000 0
-138.000000 2
-139.000000 2
-157.000000 3
-156.000000 3
-155.000000 1
-161.000000 3
-160.000000 3
-159.000000 1
-160.000000 2
-161.000000 2
-162.000000 2
-163.000000 2
-92.000000 0
-96.000000 1
-97.000000 2
-98.000000 2
-96.000000 0
-92.000000 0
-90.000000 0
-108.000000 0
-106.000000 0
-100.000000 1
-96.000000 0
-100.000000 0
-96.000000 0
-94.000000 0
-96.000000 0
-100.000000 0
-108.000000 1
-110.000000 1
-132.000000 0
-128.000000 1
-130.000000 1
-124.000000 0
-130.000000 1
-134.000000 0
-142.000000 1
-140.000000 0
-138.000000 0
-136.000000 0
-138.000000 0
-154.000000 1
-158.000000 1
-162.000000 0
-164.000000 0
-93.000000 0
-94.000000 2
-95.000000 2
-99.000000 0
-98.000000 3
-97.000000 0
-103.000000 1
-93.000000 0
-91.000000 0
-92.000000 2
-93.000000 2
-111.000000 3
-110.000000 3
-109.000000 0
-108.000000 3
-107.000000 0
-109.000000 1
-99.000000 3
-98.000000 3
-97.000000 0
-103.000000 1
-104.000000 2
-105.000000 2
-106.000000 2
-107.000000 2
-108.000000 2
-109.000000 2
-115.000000 1
-101.000000 0
-99.000000 3
-98.000000 3
-97.000000 0
-96.000000 3
-95.000000 0
-97.000000 0
-103.000000 1
-102.000000 3
-101.000000 0
-105.000000 1
-106.000000 2
-107.000000 2
-108.000000 2
-109.000000 2
-133.000000 0
-127.000000 1
-128.000000 2
-129.000000 2
-127.000000 3
-126.000000 3
-125.000000 0
-126.000000 2
-127.000000 2
-128.000000 2
-129.000000 2
-135.000000 0
-141.000000 3
-140.000000 3
-139.000000 1
-140.000000 2
-141.000000 0
-140.000000 3
-139.000000 0
-137.000000 0
-138.000000 2
-139.000000 0
-140.000000 2
-141.000000 2
-151.000000 1
-152.000000 2
-153.000000 1
-155.000000 1
-157.000000 1
-163.000000 0
-165.000000 0
-94.000000 0
-100.000000 0
-98.000000 0
-102.000000 1
-92.000000 0
-110.000000 0
-108.000000 0
-108.000000 1
-98.000000 0
-102.000000 1
-110.000000 0
-114.000000 1
-99.000000 0
-96.000000 0
-102.000000 1
-102.000000 0
-103.000000 2
-104.000000 2
-108.000000 0
-126.000000 1
-130.000000 0
-126.000000 0
-130.000000 0
-134.000000 1
-138.000000 1
-140.000000 1
-139.000000 0
-142.000000 0
-150.000000 1
-152.000000 1
-154.000000 1
-156.000000 1
-164.000000 0
-166.000000 0
-95.000000 0
-101.000000 1
-101.000000 0
-100.000000 3
-99.000000 0
-101.000000 1
-100.000000 3
-99.000000 1
-93.000000 0
-99.000000 1
-100.000000 2
-101.000000 1
-111.000000 0
-109.000000 0
-108.000000 3
-107.000000 3
-106.000000 3
-105.000000 1
-99.000000 0
-100.000000 2
-101.000000 2
-115.000000 3
-114.000000 3
-113.000000 3
-112.000000 3
-111.000000 0
-112.000000 2
-113.000000 2
-114.000000 2
-115.000000 2
-116.000000 2
-117.000000 2
-99.000000 3
-98.000000 3
-97.000000 0
-98.000000 2
-99.000000 2
-100.000000 2
-101.000000 2
-103.000000 0
-105.000000 0
-109.000000 0
-110.000000 2
-111.000000 2
-123.000000 1
-124.000000 2
-125.000000 2
-131.000000 0
-130.000000 3
-129.000000 3
-128.000000 3
-127.000000 0
-128.000000 2
-129.000000 2
-130.000000 2
-131.000000 0
-132.000000 2
-133.000000 2
-134.000000 2
-135.000000 2
-136.000000 2
-137.000000 2
-138.000000 2
-139.000000 2
-140.000000 2
-141.000000 2
-141.000000 3
-140.000000 0
-141.000000 2
-143.000000 0
-149.000000 1
-151.000000 1
-152.000000 2
-153.000000 1
-154.000000 2
-155.000000 2
-165.000000 0
-166.000000 2
-167.000000 0
-96.000000 0
-100.000000 1
-102.000000 0
-100.000000 0
-100.000000 1
-98.000000 1
-94.000000 0
-98.000000 1
-100.000000 1
-104.000000 1
-100.000000 0
-123.000000 1
-112.000000 0
-114.000000 0
-118.000000 0
-102.000000 0
-104.000000 0
-106.000000 0
-110.000000 0
-122.000000 1
-132.000000 0
-136.000000 0
-138.000000 0
-142.000000 0
-142.000000 0
-142.000000 0
-144.000000 0
-148.000000 1
-150.000000 1
-152.000000 1
-97.000000 0
-98.000000 2
-99.000000 2
-100.000000 2
-101.000000 2
-101.000000 0
-100.000000 3
-99.000000 3
-98.000000 3
-97.000000 3
-96.000000 3
-95.000000 0
-96.000000 2
-97.000000 2
-98.000000 2
-99.000000 2
-105.000000 1
-107.000000 3
-106.000000 3
-105.000000 3
-104.000000 3
-103.000000 3
-102.000000 3
-101.000000 0
-123.000000 3
-122.000000 3
-121.000000 1
-123.000000 1
-113.000000 0
-115.000000 0
-116.000000 2
-117.000000 2
-119.000000 0
-120.000000 2
-121.000000 2
-122.000000 2
-123.000000 2
-124.000000 2
-125.000000 2
-103.000000 0
-104.000000 2
-105.000000 0
-106.000000 2
-107.000000 0
-108.000000 2
-109.000000 2
-123.000000 1
-121.000000 1
-123.000000 1
-124.000000 2
-125.000000 2
-139.000000 3
-138.000000 3
-137.000000 3
-136.000000 3
-135.000000 3
-134.000000 3
-133.000000 0
-139.000000 1
-137.000000 0
-139.000000 0
-145.000000 3
-144.000000 3
-143.000000 0
-143.000000 0
-144.000000 2
-143.000000 0
-144.000000 2
-145.000000 0
-146.000000 2
-147.000000 2
-148.000000 2
-149.000000 2
-150.000000 2
-151.000000 2
-152.000000 2
-153.000000 2
-167.000000 3
-166.000000 3
-165.000000 1
-100.000000 0
-102.000000 0
-100.000000 0
-96.000000 0
-98.000000 0
-104.000000 1
-106.000000 0
-104.000000 0
-102.000000 0
-120.000000 1
-122.000000 1
-114.000000 0
-116.000000 0
-124.000000 0
-126.000000 0
-104.000000 0
-108.000000 0
-110.000000 0
-122.000000 1
-120.000000 1
-122.000000 1
-134.000000 0
-138.000000 1
-140.000000 0
-146.000000 0
-144.000000 0
-144.000000 0
-144.000000 0
-150.000000 0
-164.000000 1
-103.000000 3
-102.000000 3
-101.000000 0
-107.000000 1
-103.000000 0
-101.000000 0
-102.000000 2
-103.000000 2
-97.000000 0
-99.000000 0
-100.000000 2
-101.000000 2
-102.000000 2
-103.000000 2
-109.000000 1
-107.000000 0
-105.000000 0
-103.000000 0
-117.000000 1
-119.000000 1
-120.000000 2
-121.000000 2
-115.000000 0
-116.000000 2
-117.000000 0
-123.000000 1
-129.000000 3
-128.000000 3
-127.000000 3
-126.000000 3
-125.000000 0
-126.000000 2
-127.000000 0
-105.000000 0
-106.000000 2
-107.000000 2
-108.000000 2
-109.000000 0
-111.000000 0
-121.000000 3
-120.000000 3
-119.000000 1
-120.000000 2
-121.000000 2
-135.000000 3
-134.000000 3
-133.000000 1
-135.000000 1
-137.000000 1
-135.000000 0
-136.000000 2
-137.000000 2
-138.000000 2
-139.000000 2
-141.000000 0
-147.000000 0
-146.000000 3
-145.000000 0
-145.000000 0
-146.000000 2
-145.000000 0
-159.000000 1
-153.000000 3
-152.000000 3
-151.000000 0
-157.000000 1
-159.000000 1
-161.000000 1
-163.000000 1
-102.000000 0
-106.000000 1
-102.000000 0
-104.000000 0
-108.000000 1
-106.000000 0
-107.000000 2
-116.000000 1
-118.000000 1
-118.000000 0
-122.000000 1
-129.000000 0
-126.000000 0
-128.000000 0
-112.000000 0
-118.000000 1
-132.000000 1
-134.000000 1
-136.000000 1
-136.000000 0
-138.000000 0
-142.000000 0
-146.000000 0
-146.000000 0
-158.000000 1
-152.000000 0
-156.000000 1
-158.000000 1
-160.000000 1
-162.000000 1
-105.000000 3
-104.000000 3
-103.000000 0
-104.000000 2
-105.000000 2
-115.000000 1
-117.000000 1
-118.000000 2
-119.000000 2
-119.000000 3
-118.000000 3
-117.000000 1
-103.000000 0
-104.000000 2
-105.000000 0
-106.000000 2
-107.000000 2
-108.000000 2
-109.000000 2
-108.000000 3
-107.000000 0
-113.000000 1
-114.000000 2
-115.000000 2
-116.000000 2
-117.000000 2
-123.000000 1
-121.000000 3
-120.000000 3
-119.000000 0
-120.000000 2
-121.000000 2
-127.000000 1
-129.000000 1
-127.000000 0
-128.000000 2
-129.000000 0
-119.000000 3
-118.000000 3
-117.000000 3
-116.000000 3
-115.000000 3
-114.000000 3
-113.000000 0
-114.000000 2
-115.000000 2
-116.000000 2
-117.000000 2
-118.000000 2
-119.000000 2
-133.000000 3
-132.000000 3
-131.000000 1
-132.000000 2
-133.000000 2
-134.000000 2
-135.000000 1
-137.000000 0
-139.000000 0
-140.000000 2
-141.000000 2
-143.000000 0
-149.000000 3
-148.000000 3
-147.000000 0
-148.000000 2
-147.000000 0
-148.000000 2
-149.000000 2
-157.000000 3
-156.000000 3
-155.000000 3
-154.000000 3
-153.000000 0
-154.000000 2
-155.000000 2
-156.000000 2
-157.000000 2
-158.000000 2
-159.000000 2
-160.000000 2
-161.000000 2
-104.000000 0
-106.000000 0
-114.000000 1
-116.000000 1
-116.000000 1
-108.000000 0
-108.000000 0
-112.000000 1
-118.000000 0
-122.000000 1
-122.000000 0
-120.000000 0
-126.000000 1
-127.000000 2
-128.000000 2
-128.000000 0
-120.000000 0
-118.000000 0
-114.000000 0
-116.000000 0
-118.000000 0
-120.000000 0
-130.000000 1
-134.000000 1
-136.000000 1
-138.000000 1
-142.000000 1
-150.000000 0
-154.000000 0
-158.000000 0
-162.000000 0
-107.000000 3
-106.000000 3
-105.000000 0
-106.000000 2
-107.000000 0
-113.000000 1
-115.000000 1
-119.000000 3
-118.000000 3
-117.000000 3
-116.000000 3
-115.000000 3
-114.000000 3
-113.000000 3
-112.000000 3
-111.000000 3
-110.000000 3
-109.000000 0
-111.000000 3
-110.000000 3
-109.000000 0
-110.000000 2
-111.000000 2
-121.000000 1
-119.000000 0
-120.000000 2
-121.000000 2
-123.000000 0
-121.000000 0
-122.000000 2
-123.000000 2
-124.000000 2
-125.000000 2
-129.000000 0
-130.000000 2
-129.000000 0
-130.000000 2
-131.000000 2
-121.000000 0
-119.000000 0
-117.000000 3
-116.000000 3
-115.000000 0
-117.000000 0
-118.000000 2
-119.000000 0
-121.000000 0
-122.000000 2
-123.000000 2
-129.000000 1
-131.000000 1
-132.000000 2
-133.000000 2
-134.000000 2
-135.000000 1
-136.000000 2
-137.000000 2
-138.000000 2
-139.000000 2
-140.000000 2
-141.000000 2
-142.000000 2
-143.000000 2
-144.000000 2
-145.000000 2
-146.000000 2
-147.000000 2
-148.000000 2
-149.000000 2
-159.000000 3
-158.000000 3
-157.000000 3
-156.000000 3
-155.000000 0
-161.000000 3
-160.000000 3
-159.000000 0
-160.000000 2
-161.000000 2
-163.000000 0
-108.000000 0
-106.000000 0
-112.000000 1
-114.000000 1
-118.000000 0
-116.000000 0
-110.000000 0
-110.000000 0
-121.000000 3
-120.000000 1
-122.000000 0
-123.000000 0
-126.000000 0
-130.000000 0
-122.000000 0
-120.000000 0
-124.000000 0
-128.000000 1
-130.000000 1
-134.000000 1
-140.000000 0
-142.000000 0
-146.000000 0
-148.000000 0
-150.000000 0
-156.000000 0
-164.000000 0
-109.000000 0
-108.000000 3
-107.000000 0
-108.000000 2
-109.000000 2
-110.000000 2
-111.000000 2
-112.000000 2
-113.000000 2
-114.000000 2
-115.000000 2
-119.000000 0
-117.000000 0
-131.000000 1
-129.000000 1
-111.000000 0
-112.000000 2
-113.000000 2
-111.000000 0
-117.000000 1
-119.000000 1
-125.000000 3
-124.000000 3
-123.000000 0
-124.000000 2
-125.000000 2
-126.000000 2
-127.000000 2
-133.000000 1
-127.000000 0
-131.000000 0
-132.000000 2
-133.000000 2
-134.000000 2
-135.000000 2
-123.000000 0
-124.000000 2
-125.000000 2
-126.000000 2
-127.000000 2
-133.000000 1
-123.000000 3
-122.000000 3
-121.000000 0
-122.000000 2
-123.000000 2
-125.000000 0
-126.000000 2
-127.000000 2
-128.000000 2
-129.000000 2
-130.000000 2
-131.000000 2
-132.000000 2
-133.000000 2
-143.000000 3
-142.000000 3
-141.000000 0
-143.000000 0
-157.000000 1
-147.000000 0
-149.000000 0
-151.000000 0
-152.000000 2
-153.000000 2
-154.000000 2
-155.000000 2
-156.000000 2
-157.000000 0
-158.000000 2
-159.000000 2
-165.000000 1
-167.000000 1
-165.000000 0
-110.000000 0
-110.000000 0
-114.000000 0
-130.000000 1
-128.000000 1
-112.000000 0
-112.000000 0
-116.000000 1
-118.000000 1
-126.000000 0
-126.000000 0
-132.000000 1
-128.000000 0
-132.000000 0
-134.000000 0
-133.000000 1
-126.000000 0
-132.000000 1
-124.000000 0
-126.000000 0
-131.000000 0
-134.000000 0
-144.000000 0
-142.000000 0
-143.000000 2
-144.000000 0
-156.000000 1
-148.000000 0
-150.000000 0
-158.000000 0
-164.000000 1
-166.000000 1
-166.000000 0
-111.000000 0
-113.000000 3
-112.000000 3
-111.000000 0
-117.000000 1
-116.000000 3
-115.000000 0
-116.000000 2
-117.000000 2
-118.000000 2
-119.000000 2
-120.000000 2
-121.000000 2
-129.000000 3
-128.000000 3
-127.000000 1
-113.000000 0
-115.000000 3
-114.000000 3
-113.000000 0
-114.000000 2
-115.000000 2
-116.000000 2
-117.000000 2
-127.000000 0
-129.000000 3
-128.000000 3
-127.000000 0
-128.000000 2
-129.000000 2
-130.000000 2
-131.000000 2
-129.000000 0
-130.000000 2
-131.000000 2
-135.000000 0
-133.000000 3
-132.000000 3
-131.000000 1
-127.000000 0
-128.000000 2
-129.000000 2
-130.000000 2
-131.000000 2
-137.000000 1
-138.000000 2
-139.000000 2
-125.000000 0
-127.000000 0
-135.000000 3
-134.000000 3
-133.000000 3
-132.000000 0
-133.000000 2
-135.000000 0
-145.000000 0
-143.000000 0
-145.000000 0
-155.000000 1
-149.000000 0
-151.000000 0
-161.000000 1
-167.000000 3
-166.000000 3
-165.000000 1
-159.000000 0
-160.000000 2
-161.000000 2
-162.000000 2
-163.000000 2
-164.000000 2
-165.000000 2
-166.000000 2
-167.000000 0
-114.000000 0
-112.000000 0
-116.000000 1
-118.000000 0
-122.000000 0
-126.000000 1
-116.000000 0
-114.000000 0
-116.000000 0
-127.000000 3
-126.000000 1
-128.000000 0
-130.000000 0
-132.000000 0
-137.000000 1
-130.000000 3
-129.000000 3
-128.000000 0
-130.000000 0
-136.000000 1
-126.000000 0
-134.000000 0
-154.000000 1
-150.000000 0
-160.000000 1
-164.000000 1
-160.000000 0
-164.000000 0
-166.000000 0
-168.000000 0
-117.000000 3
-116.000000 3
-115.000000 0
-113.000000 0
-114.000000 2
-115.000000 2
-121.000000 3
-120.000000 3
-119.000000 0
-120.000000 2
-121.000000 2
-122.000000 2
-123.000000 0
-127.000000 1
-125.000000 1
-119.000000 3
-118.000000 3
-117.000000 0
-115.000000 0
-116.000000 2
-117.000000 0
-123.000000 1
-125.000000 1
-131.000000 3
-130.000000 3
-129.000000 0
-130.000000 2
-131.000000 0
-133.000000 1
-139.000000 1
-133.000000 0
-134.000000 2
-135.000000 2
-136.000000 2
-137.000000 2
-131.000000 0
-129.000000 0
-131.000000 0
-132.000000 2
-133.000000 2
-134.000000 2
-135.000000 2
-129.000000 3
-128.000000 3
-127.000000 0
-128.000000 2
-129.000000 2
-130.000000 2
-131.000000 2
-137.000000 3
-136.000000 3
-135.000000 0
-145.000000 1
-151.000000 3
-150.000000 3
-149.000000 1
-151.000000 1
-153.000000 1
-151.000000 0
-157.000000 1
-159.000000 1
-160.000000 2
-161.000000 2
-162.000000 2
-163.000000 2
-162.000000 3
-161.000000 0
-162.000000 2
-163.000000 2
-165.000000 0
-166.000000 2
-167.000000 0
-168.000000 2
-169.000000 0
-118.000000 0
-115.000000 0
-120.000000 0
-124.000000 0
-126.000000 1
-124.000000 1
-118.000000 0
-118.000000 0
-122.000000 1
-124.000000 1
-130.000000 1
-132.000000 1
-138.000000 1
-134.000000 0
-132.000000 0
-132.000000 0
-136.000000 0
-128.000000 0
-131.000000 0
-136.000000 0
-144.000000 1
-148.000000 1
-150.000000 1
-152.000000 1
-152.000000 0
-156.000000 1
-158.000000 1
-162.000000 0
-168.000000 0
-119.000000 0
-143.000000 3
-142.000000 3
-141.000000 1
-139.000000 1
-138.000000 3
-137.000000 1
-121.000000 0
-122.000000 2
-123.000000 2
-125.000000 0
-126.000000 2
-125.000000 3
-124.000000 3
-123.000000 3
-122.000000 3
-121.000000 3
-120.000000 3
-119.000000 0
-120.000000 2
-121.000000 2
-120.000000 3
-119.000000 0
-120.000000 2
-121.000000 2
-122.000000 2
-123.000000 2
-124.000000 2
-125.000000 2
-126.000000 2
-127.000000 2
-128.000000 2
-129.000000 2
-130.000000 2
-131.000000 2
-137.000000 3
-136.000000 3
-135.000000 0
-141.000000 1
-139.000000 1
-133.000000 0
-135.000000 3
-134.000000 3
-133.000000 0
-139.000000 3
-138.000000 3
-137.000000 0
-136.000000 3
-135.000000 1
-129.000000 0
-130.000000 2
-131.000000 2
-141.000000 3
-140.000000 3
-139.000000 3
-138.000000 3
-137.000000 0
-143.000000 1
-145.000000 1
-146.000000 2
-147.000000 2
-148.000000 2
-149.000000 2
-150.000000 2
-151.000000 2
-152.000000 2
-153.000000 0
-154.000000 2
-155.000000 2
-156.000000 2
-157.000000 2
-167.000000 3
-166.000000 3
-165.000000 1
-164.000000 3
-163.000000 0
-173.000000 3
-172.000000 3
-171.000000 3
-170.000000 3
-169.000000 0
-170.000000 2
-171.000000 2
-120.000000 0
-121.000000 2
-140.000000 1
-138.000000 1
-136.000000 1
-124.000000 0
-120.000000 0
-122.000000 0
-122.000000 0
-130.000000 0
-136.000000 0
-140.000000 1
-138.000000 1
-134.000000 0
-136.000000 1
-134.000000 1
-130.000000 0
-140.000000 0
-138.000000 0
-142.000000 1
-144.000000 1
-152.000000 0
-154.000000 0
-157.000000 0
-164.000000 1
-172.000000 0
-170.000000 0
-172.000000 0
-121.000000 0
-141.000000 3
-140.000000 3
-139.000000 3
-138.000000 3
-137.000000 3
-136.000000 3
-135.000000 3
-134.000000 3
-133.000000 3
-132.000000 3
-131.000000 3
-130.000000 3
-129.000000 3
-128.000000 3
-127.000000 3
-126.000000 3
-125.000000 0
-123.000000 3
-122.000000 3
-121.000000 0
-123.000000 0
-124.000000 2
-125.000000 2
-124.000000 3
-123.000000 0
-124.000000 2
-125.000000 2
-139.000000 1
-133.000000 3
-132.000000 3
-131.000000 0
-132.000000 2
-133.000000 2
-134.000000 2
-135.000000 2
-136.000000 2
-137.000000 0
-138.000000 2
-139.000000 2
-138.000000 3
-137.000000 3
-136.000000 3
-135.000000 0
-149.000000 3
-148.000000 3
-147.000000 1
-137.000000 3
-136.000000 3
-135.000000 3
-134.000000 3
-133.000000 3
-132.000000 3
-131.000000 0
-132.000000 2
-133.000000 2
-143.000000 3
-142.000000 3
-141.000000 0
-139.000000 0
-140.000000 2
-141.000000 2
-142.000000 2
-143.000000 2
-153.000000 3
-152.000000 3
-151.000000 1
-152.000000 2
-153.000000 0
-155.000000 0
-156.000000 2
-157.000000 2
-158.000000 0
-159.000000 2
-161.000000 1
-162.000000 2
-163.000000 2
-164.000000 1
-165.000000 2
-171.000000 1
-172.000000 2
-173.000000 0
-171.000000 0
-173.000000 0
-122.000000 0
-136.000000 0
-124.000000 0
-122.000000 0
-124.000000 0
-138.000000 1
-134.000000 0
-132.000000 0
-137.000000 0
-139.000000 0
-136.000000 0
-146.000000 1
-136.000000 0
-132.000000 0
-142.000000 0
-140.000000 0
-142.000000 0
-150.000000 1
-153.000000 1
-160.000000 1
-163.000000 1
-170.000000 1
-174.000000 0
-123.000000 0
-124.000000 2
-125.000000 2
-141.000000 3
-140.000000 3
-139.000000 3
-138.000000 3
-137.000000 0
-141.000000 3
-140.000000 3
-139.000000 1
-135.000000 3
-134.000000 3
-133.000000 3
-132.000000 3
-131.000000 1
-125.000000 0
-123.000000 0
-125.000000 0
-126.000000 2
-127.000000 2
-145.000000 1
-139.000000 3
-138.000000 3
-137.000000 3
-136.000000 3
-135.000000 0
-133.000000 0
-141.000000 3
-140.000000 3
-139.000000 3
-138.000000 0
-139.000000 2
-140.000000 2
-141.000000 2
-140.000000 0
-139.000000 3
-138.000000 3
-137.000000 0
-147.000000 3
-146.000000 3
-145.000000 1
-139.000000 3
-138.000000 3
-137.000000 0
-139.000000 1
-133.000000 0
-134.000000 2
-135.000000 2
-141.000000 1
-143.000000 0
-142.000000 3
-141.000000 0
-142.000000 2
-143.000000 0
-144.000000 2
-145.000000 2
-146.000000 2
-147.000000 2
-148.000000 2
-149.000000 2
-150.000000 2
-151.000000 2
-152.000000 2
-153.000000 2
-154.000000 2
-155.000000 2
-156.000000 2
-157.000000 2
-158.000000 2
-159.000000 2
-160.000000 2
-161.000000 2
-162.000000 2
-163.000000 2
-169.000000 1
-170.000000 2
-171.000000 1
-172.000000 2
-173.000000 2
-174.000000 2
-175.000000 0
-124.000000 0
-138.000000 1
-136.000000 0
-134.000000 0
-130.000000 1
-126.000000 0
-126.000000 0
-128.000000 0
-144.000000 1
-140.000000 0
-138.000000 0
-136.000000 0
-142.000000 0
-140.000000 0
-140.000000 0
-138.000000 0
-139.000000 2
-144.000000 1
-140.000000 0
-138.000000 0
-138.000000 1
-134.000000 0
-140.000000 1
-142.000000 1
-142.000000 0
-144.000000 0
-148.000000 0
-150.000000 0
-152.000000 0
-154.000000 0
-156.000000 0
-162.000000 0
-168.000000 1
-170.000000 1
-174.000000 0
-176.000000 0
-125.000000 0
-126.000000 2
-127.000000 2
-128.000000 2
-129.000000 2
-130.000000 2
-131.000000 2
-132.000000 2
-133.000000 2
-134.000000 2
-135.000000 2
-136.000000 2
-137.000000 2
-138.000000 2
-137.000000 0
-135.000000 0
-129.000000 3
-128.000000 3
-127.000000 0
-128.000000 2
-129.000000 2
-128.000000 3
-127.000000 0
-129.000000 0
-143.000000 3
-142.000000 3
-141.000000 0
-139.000000 0
-138.000000 3
-137.000000 0
-145.000000 3
-144.000000 3
-143.000000 0
-141.000000 0
-141.000000 0
-147.000000 1
-141.000000 3
-140.000000 3
-139.000000 0
-145.000000 3
-144.000000 3
-143.000000 3
-142.000000 3
-141.000000 0
-140.000000 3
-139.000000 0
-138.000000 3
-137.000000 3
-136.000000 3
-135.000000 0
-136.000000 2
-137.000000 2
-138.000000 2
-139.000000 2
-140.000000 2
-141.000000 2
-142.000000 2
-143.000000 0
-145.000000 0
-146.000000 2
-147.000000 2
-149.000000 0
-151.000000 0
-153.000000 0
-155.000000 0
-157.000000 0
-158.000000 2
-159.000000 2
-165.000000 1
-163.000000 0
-164.000000 2
-165.000000 2
-166.000000 2
-167.000000 2
-168.000000 2
-169.000000 2
-175.000000 0
-177.000000 0
-128.000000 0
-130.000000 0
-134.000000 0
-138.000000 0
-130.000000 0
-130.000000 0
-144.000000 0
-142.000000 0
-159.000000 1
-146.000000 1
-142.000000 0
-140.000000 0
-142.000000 0
-140.000000 0
-138.000000 0
-142.000000 0
-144.000000 0
-146.000000 0
-148.000000 0
-149.000000 2
-152.000000 0
-154.000000 0
-160.000000 0
-164.000000 1
-168.000000 0
-178.000000 0
-131.000000 3
-130.000000 3
-129.000000 0
-131.000000 0
-132.000000 2
-133.000000 2
-135.000000 0
-141.000000 3
-140.000000 3
-139.000000 0
-140.000000 2
-139.000000 3
-138.000000 3
-137.000000 1
-131.000000 0
-132.000000 2
-133.000000 2
-132.000000 3
-131.000000 0
-149.000000 3
-148.000000 3
-147.000000 3
-146.000000 3
-145.000000 0
-144.000000 3
-143.000000 0
-144.000000 2
-145.000000 2
-146.000000 2
-147.000000 2
-148.000000 2
-149.000000 2
-159.000000 1
-157.000000 1
-158.000000 2
-159.000000 2
-145.000000 3
-144.000000 3
-143.000000 0
-141.000000 0
-142.000000 2
-143.000000 2
-144.000000 2
-145.000000 2
-144.000000 3
-143.000000 0
-141.000000 0
-142.000000 2
-143.000000 2
-141.000000 3
-140.000000 3
-139.000000 0
-140.000000 2
-141.000000 2
-143.000000 0
-145.000000 0
-147.000000 0
-149.000000 0
-155.000000 3
-154.000000 3
-153.000000 0
-155.000000 0
-165.000000 3
-164.000000 3
-163.000000 3
-162.000000 3
-161.000000 0
-162.000000 2
-163.000000 2
-164.000000 2
-165.000000 2
-171.000000 3
-170.000000 3
-169.000000 0
-170.000000 2
-171.000000 2
-181.000000 3
-180.000000 3
-179.000000 0
-132.000000 0
-132.000000 0
-134.000000 0
-135.000000 2
-136.000000 0
-142.000000 0
-140.000000 0
-136.000000 1
-132.000000 0
-134.000000 0
-132.000000 0
-148.000000 0
-146.000000 0
-144.000000 0
-148.000000 0
-158.000000 1
-156.000000 1
-142.000000 0
-144.000000 0
-146.000000 0
-144.000000 0
-143.000000 3
-142.000000 0
-144.000000 0
-140.000000 0
-142.000000 0
-144.000000 0
-146.000000 0
-150.000000 0
-156.000000 0
-166.000000 0
-162.000000 0
-172.000000 0
-172.000000 0
-180.000000 0
-133.000000 0
-135.000000 3
-134.000000 3
-133.000000 0
-135.000000 0
-137.000000 0
-143.000000 0
-141.000000 0
-137.000000 3
-136.000000 3
-135.000000 3
-134.000000 3
-133.000000 0
-135.000000 0
-133.000000 0
-151.000000 3
-150.000000 3
-149.000000 0
-147.000000 0
-145.000000 0
-155.000000 1
-149.000000 0
-150.000000 2
-151.000000 2
-157.000000 1
-156.000000 3
-155.000000 1
-154.000000 3
-153.000000 1
-147.000000 3
-146.000000 3
-145.000000 3
-144.000000 3
-143.000000 0
-145.000000 0
-147.000000 0
-145.000000 0
-143.000000 0
-145.000000 0
-143.000000 3
-142.000000 3
-141.000000 0
-143.000000 0
-145.000000 0
-147.000000 0
-153.000000 1
-152.000000 3
-151.000000 0
-161.000000 3
-160.000000 3
-159.000000 3
-158.000000 3
-157.000000 0
-167.000000 0
-168.000000 2
-169.000000 1
-163.000000 0
-177.000000 3
-176.000000 3
-175.000000 3
-174.000000 3
-173.000000 0
-175.000000 3
-174.000000 3
-173.000000 0
-183.000000 3
-182.000000 3
-181.000000 0
-136.000000 0
-134.000000 0
-138.000000 0
-138.000000 0
-134.000000 0
-152.000000 0
-150.000000 0
-151.000000 2
-146.000000 0
-154.000000 1
-150.000000 0
-156.000000 1
-154.000000 1
-152.000000 1
-146.000000 0
-148.000000 0
-146.000000 0
-146.000000 0
-144.000000 0
-146.000000 0
-152.000000 1
-152.000000 0
-162.000000 0
-160.000000 0
-168.000000 0
-168.000000 1
-164.000000 0
-174.000000 0
-174.000000 0
-184.000000 0
-139.000000 3
-138.000000 3
-137.000000 0
-135.000000 0
-141.000000 1
-139.000000 0
-143.000000 3
-142.000000 3
-141.000000 3
-140.000000 3
-139.000000 0
-137.000000 3
-136.000000 3
-135.000000 0
-136.000000 2
-137.000000 2
-147.000000 1
-153.000000 0
-151.000000 0
-149.000000 3
-148.000000 3
-147.000000 0
-153.000000 3
-152.000000 3
-151.000000 0
-152.000000 2
-153.000000 2
-155.000000 3
-154.000000 3
-153.000000 3
-152.000000 3
-151.000000 3
-150.000000 3
-149.000000 3
-148.000000 3
-147.000000 0
-153.000000 3
-152.000000 3
-151.000000 3
-150.000000 3
-149.000000 0
-148.000000 3
-147.000000 0
-148.000000 2
-149.000000 2
-147.000000 0
-146.000000 3
-145.000000 0
-146.000000 2
-147.000000 2
-149.000000 3
-148.000000 3
-147.000000 0
-148.000000 2
-149.000000 2
-150.000000 2
-151.000000 2
-153.000000 0
-163.000000 0
-161.000000 0
-171.000000 3
-170.000000 3
-169.000000 0
-168.000000 3
-167.000000 3
-166.000000 3
-165.000000 0
-166.000000 2
-167.000000 2
-168.000000 2
-169.000000 2
-175.000000 0
-177.000000 3
-176.000000 3
-175.000000 0
-185.000000 0
-186.000000 2
-187.000000 2
-140.000000 0
-138.000000 0
-137.000000 3
-136.000000 0
-140.000000 1
-144.000000 0
-142.000000 0
-140.000000 0
-136.000000 0
-146.000000 1
-150.000000 0
-148.000000 0
-152.000000 0
-154.000000 0
-156.000000 0
-154.000000 0
-150.000000 0
-148.000000 0
-152.000000 0
-150.000000 0
-150.000000 0
-147.000000 0
-148.000000 0
-150.000000 0
-152.000000 0
-164.000000 0
-162.000000 0
-168.000000 0
-166.000000 0
-168.000000 0
-179.000000 3
-178.000000 0
-186.000000 0
-188.000000 0
-141.000000 0
-139.000000 0
-137.000000 0
-138.000000 2
-139.000000 2
-147.000000 3
-146.000000 3
-145.000000 0
-144.000000 3
-143.000000 0
-141.000000 0
-140.000000 3
-139.000000 3
-138.000000 3
-137.000000 0
-138.000000 2
-139.000000 2
-145.000000 1
-146.000000 2
-147.000000 2
-153.000000 3
-152.000000 3
-151.000000 0
-150.000000 3
-149.000000 0
-163.000000 1
-153.000000 0
-155.000000 0
-156.000000 2
-157.000000 0
-156.000000 3
-155.000000 0
-156.000000 2
-157.000000 2
-151.000000 0
-149.000000 0
-155.000000 3
-154.000000 3
-153.000000 0
-151.000000 0
-152.000000 2
-153.000000 2
-151.000000 0
-152.000000 2
-153.000000 2
-151.000000 3
-150.000000 3
-149.000000 0
-155.000000 3
-154.000000 3
-153.000000 3
-152.000000 3
-151.000000 0
-152.000000 2
-153.000000 0
-154.000000 2
-155.000000 2
-165.000000 0
-163.000000 0
-164.000000 2
-165.000000 2
-171.000000 3
-170.000000 3
-169.000000 0
-167.000000 0
-168.000000 2
-169.000000 0
-170.000000 2
-171.000000 2
-172.000000 2
-173.000000 2
-179.000000 0
-180.000000 2
-181.000000 2
-187.000000 0
-189.000000 0
-142.000000 0
-141.000000 3
-140.000000 0
-146.000000 0
-142.000000 0
-138.000000 0
-144.000000 1
-150.000000 0
-162.000000 1
-156.000000 0
-158.000000 0
-156.000000 0
-150.000000 0
-154.000000 0
-152.000000 0
-154.000000 0
-154.000000 0
-156.000000 0
-154.000000 0
-159.000000 1
-165.000000 3
-164.000000 0
-170.000000 0
-170.000000 0
-172.000000 0
-180.000000 0
-182.000000 0
-186.000000 1
-190.000000 0
-143.000000 0
-141.000000 0
-153.000000 3
-152.000000 3
-151.000000 3
-150.000000 3
-149.000000 3
-148.000000 3
-147.000000 0
-145.000000 3
-144.000000 3
-143.000000 0
-141.000000 3
-140.000000 3
-139.000000 0
-140.000000 2
-141.000000 2
-142.000000 2
-143.000000 2
-144.000000 2
-145.000000 2
-146.000000 2
-147.000000 2
-157.000000 1
-151.000000 0
-161.000000 3
-160.000000 3
-159.000000 3
-158.000000 3
-157.000000 0
-159.000000 0
-157.000000 0
-158.000000 2
-159.000000 2
-153.000000 3
-152.000000 3
-151.000000 0
-152.000000 2
-153.000000 2
-155.000000 0
-154.000000 3
-153.000000 0
-154.000000 2
-155.000000 0
-157.000000 3
-156.000000 3
-155.000000 0
-161.000000 3
-160.000000 3
-159.000000 3
-158.000000 3
-157.000000 0
-163.000000 3
-162.000000 3
-161.000000 1
-155.000000 0
-156.000000 2
-157.000000 2
-158.000000 2
-159.000000 2
-165.000000 0
-175.000000 3
-174.000000 3
-173.000000 3
-172.000000 3
-171.000000 0
-175.000000 1
-171.000000 0
-173.000000 0
-174.000000 2
-175.000000 2
-181.000000 0
-183.000000 0
-185.000000 1
-191.000000 0
-142.000000 0
-151.000000 0
-148.000000 0
-146.000000 0
-144.000000 0
-140.000000 0
-142.000000 0
-144.000000 0
-148.000000 0
-156.000000 1
-161.000000 1
-160.000000 0
-160.000000 0
-158.000000 0
-154.000000 0
-154.000000 0
-162.000000 0
-160.000000 0
-158.000000 0
-160.000000 1
-156.000000 0
-160.000000 0
-166.000000 0
-176.000000 0
-174.000000 0
-172.000000 0
-173.000000 2
-174.000000 2
-174.000000 0
-176.000000 0
-184.000000 1
-192.000000 0
-145.000000 3
-144.000000 3
-143.000000 0
-144.000000 2
-145.000000 2
-151.000000 1
-152.000000 0
-151.000000 3
-150.000000 3
-149.000000 0
-148.000000 3
-147.000000 0
-145.000000 0
-143.000000 3
-142.000000 3
-141.000000 0
-143.000000 0
-145.000000 0
-151.000000 1
-150.000000 3
-149.000000 0
-155.000000 1
-161.000000 3
-160.000000 3
-159.000000 1
-161.000000 0
-163.000000 3
-162.000000 3
-161.000000 0
-160.000000 3
-159.000000 0
-160.000000 2
-161.000000 2
-162.000000 2
-163.000000 1
-157.000000 3
-156.000000 3
-155.000000 0
-177.000000 1
-155.000000 0
-173.000000 1
-171.000000 1
-165.000000 3
-164.000000 3
-163.000000 0
-161.000000 0
-159.000000 0
-160.000000 2
-161.000000 2
-160.000000 3
-159.000000 3
-158.000000 3
-157.000000 0
-158.000000 2
-159.000000 2
-160.000000 2
-161.000000 0
-167.000000 0
-177.000000 0
-175.000000 0
-174.000000 3
-173.000000 0
-175.000000 0
-176.000000 2
-177.000000 2
-176.000000 3
-175.000000 0
-176.000000 2
-177.000000 0
-178.000000 2
-179.000000 2
-180.000000 2
-181.000000 2
-182.000000 2
-183.000000 2
-193.000000 0
-144.000000 0
-150.000000 1
-149.000000 1
-144.000000 0
-142.000000 0
-144.000000 0
-145.000000 2
-146.000000 0
-150.000000 1
-154.000000 1
-158.000000 1
-162.000000 0
-162.000000 0
-162.000000 1
-158.000000 0
-156.000000 0
-176.000000 1
-172.000000 1
-170.000000 1
-166.000000 0
-164.000000 0
-162.000000 0
-158.000000 0
-162.000000 0
-178.000000 0
-176.000000 0
-182.000000 0
-194.000000 0
-147.000000 3
-146.000000 3
-145.000000 0
-146.000000 2
-147.000000 2
-148.000000 2
-149.000000 2
-153.000000 3
-152.000000 3
-151.000000 3
-150.000000 3
-149.000000 3
-148.000000 3
-147.000000 3
-146.000000 3
-145.000000 0
-143.000000 0
-145.000000 0
-147.000000 0
-148.000000 2
-149.000000 2
-150.000000 2
-151.000000 2
-152.000000 2
-153.000000 2
-154.000000 2
-155.000000 2
-156.000000 2
-157.000000 2
-158.000000 2
-159.000000 2
-160.000000 2
-161.000000 2
-162.000000 2
-163.000000 0
-164.000000 2
-165.000000 2
-163.000000 0
-161.000000 3
-160.000000 3
-159.000000 0
-157.000000 0
-175.000000 3
-174.000000 3
-173.000000 3
-172.000000 3
-171.000000 3
-170.000000 3
-169.000000 3
-168.000000 3
-167.000000 0
-165.000000 0
-164.000000 3
-163.000000 0
-165.000000 3
-164.000000 3
-163.000000 3
-162.000000 3
-161.000000 3
-160.000000 3
-159.000000 0
-160.000000 2
-161.000000 2
-163.000000 0
-164.000000 2
-165.000000 2
-187.000000 3
-186.000000 3
-185.000000 3
-184.000000 3
-183.000000 3
-182.000000 3
-181.000000 3
-180.000000 3
-179.000000 0
-177.000000 0
-178.000000 2
-179.000000 2
-185.000000 3
-184.000000 3
-183.000000 0
-184.000000 2
-185.000000 2
-195.000000 0
